431.976523,243.992364,-254.016864
432.023199,243.043606,-254.039082
431.948400,243.056447,-253.990896
431.988863,243.053558,-254.002579
432.987042,242.998082,-254.050163
433.013752,242.991949,-254.019575
432.976483,242.989360,-253.996188
432.966106,243.008566,-253.989489
432.954806,243.012554,-254.019028
432.995686,243.040269,-253.953647
433.010970,243.020854,-253.973705
433.009124,243.044183,-253.957424
432.989010,243.015458,-254.012974
432.976404,242.963603,-253.981992
433.036168,243.014691,-254.051223
432.991285,241.992398,-253.987393
433.994520,241.992512,-254.010464
433.967986,242.037287,-253.987939
433.982723,240.998960,-253.071889
435.066464,240.987692,-251.999052
436.013173,240.023144,-251.012436
435.994384,239.036545,-249.979164
438.005637,237.027543,-248.022019
438.992108,235.970245,-246.956086
440.998107,233.994859,-244.978916
441.949090,232.018396,-242.958396
443.976280,230.014447,-239.970981
446.011801,227.990609,-237.970615
447.032502,226.015574,-233.960317
448.994368,224.031341,-231.035513
452.022869,222.035921,-226.984813
454.002253,220.028242,-223.010731
455.981932,218.006732,-219.005311
457.979686,214.960184,-215.055271
461.003164,213.031645,-209.992909
462.980015,210.062886,-204.976540
465.977731,207.951374,-200.012026
469.007535,205.001712,-194.991491
471.019957,200.944989,-189.028079
474.016308,197.975920,-183.001687
476.981217,194.039375,-177.019248
480.020820,189.036233,-170.981537
483.961607,185.061845,-165.031861
486.026169,180.996002,-157.971311
489.954867,175.963806,-151.030612
492.033343,170.966281,-143.995590
495.987831,167.047067,-136.987892
498.021761,161.985681,-129.003197
501.946105,156.035617,-120.999775
504.061667,150.036868,-113.029803
506.986284,145.037742,-105.018334
509.984019,137.966763,-96.997387
512.985628,131.998270,-89.011832
515.018014,125.990427,-80.997928
517.964664,119.034306,-71.985576
519.974161,112.030900,-63.957762
523.016557,106.008089,-54.983087
524.039024,98.980304,-45.971718
525.946635,91.978865,-37.015537
528.037294,84.985597,-27.987016
529.047874,78.002360,-19.031383
530.978440,70.974589,-9.976317
533.033903,62.961580,-0.029167
534.017933,55.990914,8.058835
533.971488,48.050351,16.936194
534.996517,39.967471,25.999371
535.973848,32.964554,34.986698
535.990587,24.995825,44.986807
536.971153,17.975553,54.044700
537.031272,10.013293,63.017493
536.008196,2.956832,73.028808
535.987832,-4.016444,82.008750
534.948136,-11.007872,92.033233
535.047750,-18.954062,101.004584
534.018772,-26.012140,109.980498
532.966352,-33.013282,120.062896
531.989382,-40.015012,128.909027
529.977110,-46.999838,137.988998
526.996253,-60.993814,157.021439
525.027116,-68.048602,165.997428
522.978661,-74.010919,175.021727
521.012796,-79.989902,184.031935
518.937332,-86.056880,193.042183
516.982815,-92.015722,200.979120
514.016009,-98.017836,209.024248
511.972435,-103.963643,216.994476
509.018265,-109.034101,224.980427
507.022246,-114.022451,232.984539
503.018976,-119.992276,239.960588
500.997795,-125.018909,247.955913
497.971243,-128.975256,254.963616
495.988369,-133.990622,261.012303
491.980288,-138.937133,268.009959
490.036929,-142.978300,274.001565
486.944094,-148.056995,279.988908
484.053141,-152.018586,286.056315
480.998185,-155.995535,292.012120
479.007258,-159.970468,297.044365
475.991912,-163.974896,302.000713
473.993917,-167.995825,307.008975
471.019203,-171.012720,310.970003
468.943413,-174.998561,315.948614
466.013463,-178.029046,319.987482
462.919987,-182.044602,324.020434
462.016873,-184.957754,326.955600
460.025807,-188.028227,330.066435
457.966942,-191.016815,332.970364
455.983950,-193.956232,334.956840
454.025904,-197.976931,338.088057
452.983566,-200.963554,338.992623
451.938260,-203.056133,341.031513
451.010462,-205.965723,342.028849
449.995111,-208.993569,342.013093
449.046432,-212.006975,343.048379
448.032366,-215.018358,342.960731
447.975989,-217.036626,342.985639
447.982393,-219.024705,342.991495
447.019334,-221.953351,343.013973
446.961714,-224.001986,342.008700
446.975196,-226.063030,341.978659
448.019800,-227.033856,340.980652
447.967016,-229.043623,340.980061
448.029081,-230.991066,339.974463
449.018072,-231.983403,339.009855
449.034236,-233.978682,337.945609
449.975921,-234.937325,335.959931
450.987225,-235.998664,334.997293
450.980857,-237.011919,334.006102
451.961915,-236.959652,332.990962
451.975922,-237.990023,332.041280
453.013070,-238.010800,329.978285
454.003515,-238.016719,329.008754
455.966456,-236.975026,327.040507
456.991292,-235.982939,326.011861
458.006200,-235.004493,324.062581
459.998292,-234.041518,321.996856
462.014945,-232.998447,319.984843
462.950661,-231.042099,318.025206
465.059397,-229.004263,316.000680
466.999190,-227.975060,313.991192
468.985198,-225.982974,310.977018
471.035589,-223.028198,309.017299
473.966132,-220.997329,305.979130
474.986698,-217.973716,304.025258
477.995588,-215.084294,300.981182
480.010178,-212.019630,297.993253
483.040226,-207.990870,294.967332
484.986614,-204.990333,290.996758
488.010105,-200.990181,288.036523
491.026945,-198.015033,284.012596
493.000521,-194.010163,279.947333
495.980971,-190.047860,275.993624
499.011413,-186.013583,272.032475
501.957446,-182.054422,266.955631
503.934421,-176.979214,262.033088
507.000303,-172.997915,257.010963
510.053760,-168.038795,251.959051
513.001928,-164.017460,247.002059
516.049294,-159.003977,240.949651
518.015563,-153.975021,235.017837
522.001282,-148.938786,228.954564
523.990545,-142.978595,223.002997
527.025999,-138.027690,217.000587
528.996276,-133.015389,209.975611
532.015754,-127.033990,203.038317
535.028726,-121.033078,195.981154
536.948851,-115.957505,188.966725
539.965497,-110.006125,181.944293
542.036764,-104.015869,173.971961
544.965608,-97.022149,165.969203
546.008942,-91.038701,157.932813
548.995061,-84.998724,150.969160
552.041969,-69.991084,135.008199
554.034089,-62.998947,126.007605
555.003834,-55.961831,118.035596
556.067740,-48.988437,109.974532
557.011224,-41.990870,100.991678
558.004765,-34.036966,92.964445
558.970451,-27.007505,83.991634
559.982867,-19.009060,74.938429
560.046085,-13.016471,66.051543
560.011954,-4.951789,57.023612
559.985362,2.043650,47.979560
560.024674,10.028802,38.982243
558.969160,17.966773,30.974638
558.035444,25.943446,21.998082
557.069548,34.042421,13.037003
555.993245,42.024074,4.021718
555.009361,50.004337,-3.985073
553.930381,58.005855,-13.041847
552.045381,66.987719,-22.055074
550.024565,74.976918,-29.977354
548.043252,83.001004,-38.988958
544.977718,91.002919,-47.043684
542.976687,99.002463,-54.973101
540.010037,107.012935,-63.999512
537.018026,114.023268,-71.995477
534.014143,122.016092,-78.990599
530.995764,129.998862,-86.986155
527.971471,137.013745,-95.006800
524.005621,143.965015,-101.985458
520.962578,151.035214,-109.027958
517.957703,158.006464,-116.027909
512.962991,167.062620,-124.976279
509.002181,173.025340,-132.024596
504.963240,178.968070,-137.963942
501.001301,186.001216,-143.925528
496.969984,190.985747,-150.022905
492.971993,197.048066,-155.985016
488.959122,203.035546,-161.986489
485.010399,208.041717,-168.005877
481.016246,212.994413,-173.027655
476.999005,217.020567,-177.967420
473.920269,222.049444,-182.975297
469.994422,226.057665,-188.016891
465.998233,230.036782,-191.992548
462.974007,234.015439,-197.028698
458.989627,236.975682,-201.010746
456.040513,239.971396,-204.011141
452.991972,243.036147,-208.004304
449.992606,245.974314,-211.003589
447.033155,248.031646,-214.014377
444.966325,250.012053,-216.979410
443.013744,252.027946,-218.994148
441.032440,252.965222,-221.965593
439.024530,253.983589,-223.977924
436.992262,255.025122,-226.062294
435.986967,256.005690,-227.927173
435.951416,256.010365,-228.983893
434.988060,256.033163,-230.988885
434.040713,256.015655,-231.983936
432.979690,255.979337,-233.019344
432.988907,255.959054,-233.997372
432.996807,256.020984,-234.995011
433.006376,255.013589,-234.989353
432.960468,254.068100,-236.015261
433.026244,253.996705,-235.996739
434.008698,252.972996,-235.961163
435.005650,251.977110,-236.002858
436.014347,251.000387,-235.003024
435.955268,249.950406,-234.995841
436.049958,248.941993,-233.997667
437.015061,247.945027,-233.950035
437.984475,247.022524,-232.981787
438.998049,246.003726,-232.995118
440.004520,246.027070,-231.961702
439.974146,244.941831,-230.986049
441.058677,245.001013,-231.008543
440.979175,243.922411,-229.962341
441.966812,243.991662,-228.972371
441.990289,244.008551,-228.981830
442.038783,243.964239,-227.963512
442.047577,243.966609,-227.989682
442.036286,244.991506,-227.996564
441.983416,245.010285,-226.990713
