432.005783,243.996174,-253.996304
432.000865,243.013034,-254.013251
431.997917,242.998311,-254.008738
431.996692,242.996445,-254.013523
433.017765,243.014404,-254.011674
433.018323,242.997908,-253.989533
432.997038,242.985643,-254.004018
432.986642,243.006195,-253.997281
433.009074,242.994148,-253.992782
432.997306,242.993943,-254.004538
432.996472,242.986725,-253.983880
432.990672,242.996351,-254.016477
432.996409,243.001044,-253.992285
432.990488,243.011486,-254.004272
432.995233,243.001435,-254.003781
432.997814,241.981911,-253.988951
434.005954,242.008717,-254.012745
434.003308,241.991293,-253.994808
433.982578,240.987066,-253.006924
434.993139,240.996310,-251.990141
436.007340,239.974477,-251.009505
435.986556,239.002904,-250.002974
437.979314,237.003005,-247.988725
438.990407,235.990981,-246.988442
440.987002,234.001469,-244.982918
442.000384,231.999186,-243.005042
443.993633,229.991079,-240.007500
445.988814,228.003768,-237.994595
446.980650,226.004222,-233.990786
449.001330,223.997234,-230.989080
451.994385,221.994234,-227.020886
453.997630,219.974914,-223.031193
455.996914,217.987221,-219.005079
458.024400,214.990362,-214.999286
460.998046,212.984106,-210.014451
463.001979,209.972091,-204.993745
466.001822,208.009265,-200.005698
468.990733,205.012500,-195.019561
470.981115,201.016753,-188.994771
474.000351,198.000932,-183.002334
476.990419,194.010527,-177.004095
479.990886,189.022480,-171.001536
483.982860,185.000326,-164.990710
485.980905,180.990444,-158.002269
490.000057,175.997275,-151.012892
491.994034,171.027770,-143.979826
495.979933,167.001175,-136.983527
497.993286,162.006670,-129.006004
502.015142,156.010625,-121.006157
503.992390,149.999760,-112.999869
506.997557,144.987333,-105.000405
509.999086,138.002314,-97.016003
513.008776,131.987973,-89.000960
515.007678,126.015402,-80.998030
518.011637,118.996915,-72.003817
520.010409,111.984003,-63.999329
522.996263,106.008019,-54.992179
523.992392,98.987760,-46.001387
525.996742,91.992533,-36.993845
528.005247,84.997127,-28.003402
529.001189,77.998164,-19.011362
531.015760,71.002367,-9.998815
533.021166,63.011534,0.006362
533.998654,56.011774,8.015396
533.995702,47.992790,17.012519
534.998224,39.994619,25.997812
535.994301,32.992086,35.010730
535.987226,25.007214,45.008443
536.997201,17.991425,53.988005
537.001246,10.002936,63.009246
535.980324,3.006629,72.995352
535.992633,-3.997001,82.025833
534.999183,-10.998016,92.017513
535.008046,-18.988835,101.002151
534.022598,-25.995571,110.001577
532.996072,-33.010123,120.007645
531.976258,-40.010710,129.006003
529.987364,-47.003907,137.999841
527.008196,-60.997401,156.995399
525.005025,-68.006416,165.995650
523.003167,-74.014208,175.002148
520.977662,-80.006973,183.990800
519.003807,-85.964397,192.994134
516.998247,-92.012337,200.985327
513.976211,-98.014220,208.988199
512.006876,-104.002828,216.991961
508.996620,-108.992000,225.002282
507.011699,-113.983222,233.004563
502.996907,-119.998689,240.010226
500.981995,-125.008455,247.999140
497.999349,-129.016374,254.999471
496.013624,-134.008678,261.001633
491.999635,-138.990494,267.993132
490.019514,-143.005274,274.012123
487.009210,-147.998941,280.011822
483.996205,-151.977582,285.985776
481.002682,-155.965880,291.991661
479.016010,-159.997187,296.990019
475.985340,-164.015022,302.007052
474.006888,-167.988688,306.994944
470.994160,-171.008261,310.998477
468.986789,-175.005857,316.006483
466.009160,-178.011286,320.012310
463.001104,-181.994821,323.985700
462.009812,-185.008154,327.007104
459.994380,-188.003368,330.005475
458.002486,-190.993826,332.980312
455.991545,-193.987383,335.003500
453.995894,-197.978738,337.989831
452.995347,-200.988427,338.997034
451.995275,-203.003598,340.985799
451.003479,-205.995840,341.986463
450.024122,-208.980082,341.994245
448.997560,-212.000744,343.004604
448.000769,-215.012579,342.990011
448.019661,-216.998633,343.014215
447.994599,-219.003245,343.011294
446.988431,-221.994259,342.981260
447.006491,-223.999247,342.007833
446.992683,-226.003983,341.999159
447.984643,-227.001123,341.012932
448.001167,-228.993847,341.011787
448.017435,-231.013923,340.003653
449.010000,-231.985243,338.990764
448.995587,-234.009069,337.970203
449.991224,-234.987810,336.000351
451.006044,-235.991569,335.007697
450.989092,-237.008926,334.000748
451.987453,-237.009063,332.993079
452.009069,-238.012603,331.988413
453.004754,-238.004420,329.996639
453.991801,-237.993039,328.998813
455.998597,-237.002238,326.982092
456.992927,-235.999607,325.985789
458.004294,-235.007780,323.975326
460.008756,-233.984359,321.979787
462.004798,-233.009325,319.997299
463.002182,-231.006439,317.997410
465.008692,-229.002742,316.012495
466.992351,-227.998316,313.996950
469.007317,-226.017946,310.998693
470.996549,-223.017473,308.999560
473.987325,-221.001335,305.977859
475.018215,-217.978331,304.015170
478.007065,-215.010898,300.994984
479.998608,-211.995801,297.988056
483.005288,-207.989666,294.989004
484.989013,-205.018619,290.998728
487.982837,-200.998271,288.000535
490.998234,-197.987033,284.005785
492.999105,-193.994167,279.986429
496.012380,-189.986109,275.990602
498.981657,-185.999304,271.993906
501.979929,-181.990747,266.981012
503.986239,-176.996712,261.999737
506.999320,-172.994222,256.993181
509.993383,-168.000448,252.001184
513.009621,-163.995389,246.990277
516.030459,-158.983420,240.994433
518.010718,-154.003077,235.002729
522.011603,-149.007836,229.000042
523.995507,-142.995504,222.993144
526.986365,-137.982335,217.022924
528.997758,-133.006882,210.017861
532.000640,-127.020779,203.001025
534.977838,-120.991037,196.003137
536.991070,-116.004355,188.994988
539.987260,-109.998442,181.990884
541.986869,-103.993461,174.017179
544.988800,-97.005973,165.986292
545.997899,-91.020542,157.976170
548.996805,-84.997176,150.978020
551.982585,-69.991104,134.999202
553.994185,-63.013818,126.012892
555.014952,-56.003738,117.986718
556.003750,-49.020648,109.989471
557.019502,-41.992514,100.995316
558.004688,-33.990760,93.013989
559.013193,-27.000427,83.989967
559.992566,-19.024864,74.998121
559.989685,-12.996978,66.004801
559.995830,-4.991308,57.004353
559.998090,2.004109,48.011763
559.992962,10.004024,39.003770
559.015720,18.004527,30.999647
557.993966,26.010166,21.990216
557.014380,34.001758,13.010494
555.995896,42.003054,3.978240
554.999246,50.011992,-4.006124
554.013248,57.998211,-12.980156
551.984452,67.006203,-21.983055
550.004815,74.973704,-29.982948
548.001564,82.993700,-38.998162
545.008678,91.006068,-47.014445
542.976643,98.981776,-55.019863
540.035746,106.994753,-63.986962
536.994363,113.992658,-72.016601
533.994243,121.998968,-78.985876
530.998455,129.999677,-87.000472
528.022133,136.991077,-94.992715
524.006605,144.007266,-102.013122
520.984027,150.989386,-109.006271
518.016697,158.004010,-116.005436
512.995115,167.007812,-125.027277
508.992078,172.995567,-131.994610
504.999580,179.013202,-138.009092
500.980358,186.000923,-144.012890
496.997401,191.006872,-150.007716
493.001366,196.997649,-155.989686
489.005700,203.016845,-161.999025
484.993385,207.994017,-168.007130
481.001271,213.002635,-172.963305
476.990530,216.985795,-177.989081
474.015393,221.999847,-182.988763
470.002231,225.981263,-188.008924
465.990025,230.003216,-192.017099
462.987789,233.999190,-196.985756
458.988327,236.986837,-200.992274
455.998326,239.979593,-203.990892
453.015964,242.997973,-207.996260
449.992641,245.992021,-210.989491
447.012677,248.003810,-214.007074
444.991052,249.992378,-216.992948
443.006344,252.002301,-218.990923
440.996575,252.980114,-221.985042
439.002188,253.995475,-223.986453
436.992112,255.005496,-225.996777
436.006266,256.003282,-227.996270
435.989220,256.014496,-228.982790
435.001577,255.987065,-230.999585
433.985918,256.000852,-232.000550
433.003848,256.006703,-232.999167
433.006000,256.007793,-233.993755
433.010442,256.002572,-234.998947
433.003228,255.006573,-234.997544
433.012086,253.997603,-235.982330
432.995124,254.006377,-236.007984
433.979683,252.994716,-236.005267
435.000529,251.994118,-235.982655
436.004595,251.004138,-235.014926
436.017032,249.986293,-235.005708
435.987130,249.004799,-234.008024
437.019155,248.002780,-233.982641
438.002120,246.991924,-233.008162
439.008617,246.000690,-232.988435
439.997964,245.994587,-231.986930
439.993632,244.994714,-230.994615
441.013309,245.000105,-230.981138
441.001457,243.994371,-230.009737
442.007590,243.995884,-228.997366
441.997534,244.004498,-229.018731
441.995067,244.006905,-228.001152
441.993109,244.004051,-228.006550
442.003941,245.001481,-228.006730
441.994551,244.997377,-227.002066
