486.001499,180.065120,-151.001249
487.034126,176.922580,-147.927807
488.987500,174.982977,-146.031644
489.989644,172.058609,-144.088001
490.930582,169.962809,-141.962993
490.972888,168.044075,-140.016813
491.970777,166.984931,-140.035279
492.011919,165.015474,-139.071832
491.953205,163.980035,-138.987899
492.025495,164.015705,-139.051496
493.033441,163.992701,-138.997239
491.961505,163.995067,-140.060937
492.038506,164.008853,-139.994220
492.056943,163.966565,-140.020317
491.949344,163.998559,-140.983986
491.001722,164.975500,-142.015256
490.986209,165.098733,-142.972930
491.069500,166.019952,-144.029915
491.031659,166.002052,-145.948560
490.986647,165.994303,-146.018410
490.957369,166.084052,-147.095077
490.918204,165.960562,-146.992345
490.977267,165.932477,-146.914084
491.002910,165.065231,-147.040289
491.057039,164.994537,-146.068899
491.057711,163.946073,-145.024588
492.024401,162.025817,-143.117532
493.001840,160.974070,-141.003706
494.020936,158.035634,-139.015656
496.021919,155.972416,-136.017403
497.115829,151.995776,-133.057494
498.027610,149.014080,-130.021758
499.968778,144.963906,-126.031702
501.972929,141.029822,-121.990040
503.931164,136.993371,-117.983284
506.032925,132.985007,-112.957844
506.986616,128.965243,-107.969448
509.976406,123.909161,-102.055029
511.993653,119.017086,-96.068444
513.936462,114.014021,-90.025327
515.933730,107.995213,-84.034264
517.989278,102.022943,-77.057152
520.011768,95.014548,-70.886841
523.010575,89.042057,-63.003698
524.026430,82.003917,-55.995250
526.024792,74.945456,-48.040044
529.028965,66.978216,-41.022368
530.021049,59.960429,-33.016942
530.969575,53.066757,-25.084088
533.023454,45.976900,-15.985972
534.013013,38.981491,-8.064236
534.968273,30.937139,-0.045741
535.894194,22.992558,8.972393
537.030061,13.955012,17.994876
538.031422,5.980230,27.019269
539.061312,-1.992175,35.968478
539.009950,-9.970398,44.983985
539.045108,-18.994451,55.010005
539.043568,-27.944224,64.976342
538.966950,-36.022562,75.025284
537.035296,-53.059479,94.992581
534.919531,-62.001227,106.020458
533.901402,-70.053431,115.933986
532.992020,-77.882684,126.930719
531.009003,-87.096464,137.037773
529.098254,-94.972318,147.935738
526.989754,-101.927812,158.034789
522.946774,-110.069184,168.957237
521.035008,-116.966987,179.001265
518.046201,-123.918937,189.918268
515.009761,-131.027673,199.950852
512.120101,-138.035498,210.019448
507.956270,-143.982379,219.983787
504.956860,-149.967274,229.879603
502.027409,-156.022999,239.062237
496.966019,-161.994555,248.009305
494.006501,-168.007957,258.057605
489.977231,-173.986385,265.990428
485.037790,-178.948211,274.985864
481.996992,-184.004317,282.950343
478.058009,-189.058344,290.990750
473.917723,-193.988491,299.011576
469.038752,-199.037815,307.012159
465.001489,-202.991471,313.981936
461.021107,-206.973216,322.063388
457.975293,-211.920201,328.034388
452.966065,-215.958651,335.032439
448.999637,-219.961202,341.028951
444.980099,-222.920976,346.972981
441.987243,-227.038692,352.974152
437.009556,-231.044035,358.006562
433.986147,-234.913323,362.984000
431.015322,-237.984250,367.969463
427.077282,-242.126522,372.992991
424.031494,-244.908086,376.933467
419.971651,-248.940798,379.918079
418.035610,-251.962303,383.067076
414.907735,-255.987080,385.958703
412.974927,-258.985013,387.964657
409.974719,-262.090390,390.998224
408.992672,-266.054711,392.073416
407.062971,-269.028083,393.981688
404.990328,-272.091369,394.961874
403.007782,-275.005667,395.055336
401.950151,-278.043869,396.020811
401.017068,-280.972952,396.968241
399.007974,-283.965008,396.999456
398.019642,-285.956294,396.932796
397.997242,-288.067471,398.003490
398.006780,-290.081798,398.025758
396.933094,-292.052597,397.986859
395.921901,-293.968035,397.986820
396.007718,-295.054722,396.989564
396.020336,-296.978644,397.097487
395.024214,-298.978783,396.882439
396.039585,-299.029956,395.968006
395.992754,-300.003054,395.996227
395.958993,-299.971271,394.966670
396.959374,-298.954564,394.957738
398.006012,-298.917386,394.004971
398.006994,-297.984461,393.996332
398.936951,-297.965264,393.047853
400.011272,-296.939680,393.034081
401.067982,-295.896579,392.025696
403.001274,-294.037532,391.057831
404.011563,-292.992068,389.956854
405.003820,-290.972733,387.999746
407.059571,-290.025217,386.929474
408.968256,-288.103354,385.981619
411.044200,-286.099486,384.059158
413.007016,-284.000669,382.011177
414.925777,-281.904414,380.022217
418.071684,-279.978771,377.958351
419.945238,-277.032976,375.008331
423.036312,-273.996134,372.980308
424.984079,-271.970958,369.948880
427.998877,-268.975930,366.974343
431.048434,-265.957714,364.010599
433.972709,-263.115081,359.997085
437.013093,-260.032696,356.993086
441.037195,-256.004301,352.904649
443.932113,-253.041695,349.025275
446.968711,-248.985014,345.093425
450.000717,-246.050407,340.029859
452.951512,-242.008381,335.993280
457.004958,-237.881069,331.044683
459.982317,-233.947770,325.991369
464.028761,-231.008924,320.985527
467.980863,-225.959416,314.982044
470.956610,-222.024215,310.046058
474.042357,-218.084199,304.014023
478.026494,-213.941451,297.995084
480.915107,-209.007524,291.992514
485.013435,-203.940850,285.995253
491.029840,-194.943483,272.933688
495.044135,-189.996241,266.000484
498.092272,-184.923172,259.992539
500.978251,-179.974133,252.968899
504.038642,-173.932515,246.054945
506.979242,-168.984788,239.047039
509.983527,-164.043052,231.967208
513.071412,-157.995648,224.061375
515.091717,-152.003123,216.993189
517.960963,-147.006872,209.883738
520.072587,-140.992583,201.999645
522.852901,-135.006104,194.004241
524.970703,-129.087017,186.968286
527.008523,-122.933306,178.971015
529.043989,-117.020868,171.038628
531.044289,-110.982632,163.023710
533.095094,-103.986116,154.892004
533.959453,-96.948766,146.936236
535.989257,-90.022763,139.016751
538.011471,-83.034756,131.037380
539.052380,-75.971828,123.046597
540.063059,-67.896333,114.974530
541.019617,-52.943894,98.962826
542.032776,-45.016238,91.058364
542.920246,-36.967620,82.884887
542.970958,-29.029597,74.975382
542.928558,-21.054478,67.042307
542.973598,-12.981418,59.010710
542.967599,-3.952196,51.046875
541.989174,3.111520,43.061323
540.999030,11.955117,34.005662
539.930381,20.054879,25.995601
539.969639,27.966159,18.045375
539.050175,36.052675,10.008229
537.061797,44.019698,1.964278
535.075979,52.918525,-5.109230
533.966908,61.040316,-12.085115
532.000296,69.023630,-20.108362
529.005139,77.012497,-27.968263
527.993321,85.070993,-35.940500
525.037894,92.986834,-43.016280
521.909760,100.955185,-51.093886
518.999164,108.986880,-58.029620
516.990873,117.033778,-65.959014
513.052177,124.011203,-73.073423
509.975641,132.087562,-80.040264
507.022529,138.914889,-86.975972
503.005288,145.996320,-94.044493
498.975978,153.993632,-100.968563
496.006983,160.992049,-107.956978
490.957587,168.010768,-113.958327
486.895414,173.973223,-120.968500
482.942276,180.963129,-126.958677
478.940130,186.984572,-133.007171
474.030733,193.983980,-138.980253
470.081692,199.993976,-144.967719
466.023449,204.870247,-150.997404
462.019089,210.972290,-155.943199
458.062829,215.912002,-162.061648
453.009548,221.007807,-167.037554
448.967363,226.051335,-172.008965
444.989521,231.096867,-176.994300
440.986476,235.915128,-181.959519
435.980211,239.900639,-185.999779
432.989918,244.064396,-191.014842
428.947827,246.962171,-194.943886
424.975264,251.028163,-199.024197
421.932625,254.009892,-203.082664
419.009971,255.978341,-206.942334
414.988742,259.001626,-209.916806
412.965469,260.953861,-213.004520
410.036110,262.961963,-216.967994
408.037155,265.027374,-219.956459
405.089453,266.035723,-222.990401
402.975507,268.058347,-225.028837
401.053528,268.935045,-228.041047
398.939932,269.019742,-229.982497
398.016169,269.951251,-231.991244
397.004315,269.991413,-234.043840
396.037388,271.027982,-235.953337
394.934563,271.057186,-237.935439
395.031050,270.992981,-238.988949
394.009490,270.012145,-241.013263
393.962249,269.988700,-241.936187
393.976048,270.006955,-242.989056
393.944324,270.070451,-244.076228
393.893676,269.036338,-243.960416
393.901968,268.956089,-245.032415
393.980633,268.973138,-245.064953
394.110472,268.995827,-245.028142
393.930468,268.987355,-244.970831
394.055379,269.019365,-246.024976
395.058675,269.020891,-244.935741
394.995783,269.041651,-244.978370
394.943428,268.952070,-244.955291
395.004268,267.980986,-245.047942
