486.000000,180.000000,-151.000000
486.935006,177.064042,-148.074965
488.797535,175.311577,-146.242636
490.224638,171.524305,-143.618248
491.004125,169.976516,-141.972987
491.009085,169.945191,-141.937017
491.782644,167.288179,-140.013346
492.027613,165.306722,-139.140198
491.898647,167.165807,-140.023368
491.917479,163.946514,-139.050550
492.912725,163.997687,-139.175617
491.884876,163.992961,-140.118087
492.097353,163.886693,-140.494470
492.017734,164.018872,-139.919106
491.028730,165.387491,-143.314458
491.099554,164.918401,-141.869528
490.908657,164.984386,-142.600687
490.999913,166.007965,-146.860231
490.996367,166.054492,-145.662509
490.999894,166.008829,-146.837661
490.999915,165.982408,-147.115002
491.036709,164.971700,-141.946202
491.012572,164.927628,-146.783178
490.982222,164.972720,-145.888874
492.113685,161.890784,-142.788912
490.950127,164.230952,-145.174565
490.999725,165.969346,-147.115743
494.311780,157.617988,-138.542985
493.914316,158.141116,-139.133439
498.873205,147.218645,-128.186620
495.690635,156.439193,-136.540781
493.673063,158.665331,-139.539153
501.356880,142.309781,-123.294263
501.744129,141.524940,-122.513542
494.491838,157.450650,-138.289189
513.523528,115.238700,-91.360536
525.824400,75.452819,-48.459703
517.962596,102.137387,-77.131966
522.661284,89.900895,-64.139257
496.888080,152.629902,-133.459124
518.690751,99.219012,-74.663241
515.841205,108.468131,-84.517478
528.352787,69.024970,-42.821710
523.539323,86.395875,-60.252965
529.906363,61.206580,-34.442188
534.169779,37.523439,-6.522732
514.348907,113.016304,-89.004456
533.969715,39.275369,-8.281806
530.322114,56.776324,-29.340947
532.519838,47.795895,-18.319740
519.640544,95.918243,-71.924547
523.563432,86.201618,-60.066708
533.817246,40.691696,-9.770679
529.971015,60.370242,-33.438030
530.382176,-89.425350,140.063610
533.163020,-77.036281,125.793791
536.963896,14.323185,17.666348
535.384667,-60.346774,103.952463
536.311499,20.248412,11.807412
519.240573,-121.355568,185.868593
517.622146,-124.817803,191.233072
538.964688,-26.239609,62.960984
521.241601,-116.176055,177.752955
538.995491,-19.902650,55.985771
539.027861,-35.599826,74.516677
538.972461,-22.738316,59.078406
529.312589,-93.664588,146.040228
508.020166,-143.968269,219.945331
537.598505,8.952900,23.581153
537.495502,-49.737703,91.158768
502.842940,-154.706778,237.125654
494.955379,-165.861264,254.615139
515.099158,-130.746577,199.650309
433.993948,-235.008169,363.012298
465.962346,-202.084461,312.197354
458.233956,-211.719308,327.623987
537.298848,-51.098427,92.756226
407.541964,-268.329249,393.503472
512.841649,-136.340119,207.510718
519.948624,-119.774187,183.350508
461.915233,-205.863037,320.075361
528.075466,-98.959382,153.724106
468.282225,-199.720352,308.157273
474.908399,-192.941992,297.312100
494.239751,-167.488375,257.235750
480.029404,-186.591970,287.108382
435.950064,-232.155607,359.355677
425.995101,-243.031039,374.466476
434.165692,-234.769326,362.660608
454.723730,-214.694218,332.628412
436.346032,-231.680239,358.798090
496.511759,-162.744358,249.248826
403.539850,-274.089648,394.955065
462.982436,-204.799176,317.919518
418.360250,-251.450957,382.460845
419.380757,-249.798098,380.715010
402.759678,-294.220366,391.108796
400.442135,-281.943772,397.092092
409.012672,-265.960856,391.986431
419.817212,-249.219950,380.183410
408.756891,-266.591336,392.260394
402.372509,-276.569587,395.412304
396.392772,-293.131153,398.107094
398.084136,-289.441087,398.067841
446.271172,-221.937461,344.874128
404.156660,-292.616263,389.601930
396.409018,-293.098633,398.105576
427.737726,-241.241628,372.038552
432.899307,-236.247726,365.086590
397.928769,-286.674548,397.328382
484.695620,-204.415922,286.564401
397.841326,-290.464938,397.961373
396.042594,-293.891491,398.041295
399.357835,-297.781111,392.938888
396.135343,-296.380719,396.916454
409.688503,-262.720345,391.304423
446.461915,-249.654565,345.783199
398.779107,-284.323146,396.960017
397.730438,-290.708304,397.950908
413.685351,-283.206770,381.207026
410.410699,-286.558714,384.620881
395.162610,-298.608308,397.129107
404.381491,-292.036536,389.033030
474.988582,-217.035816,302.477872
395.981802,-298.993686,396.009882
431.369351,-265.629738,363.533269
398.395961,-284.949265,396.888913
418.119103,-279.875524,377.864114
410.702246,-286.281322,384.310524
395.332993,-299.071803,396.523889
398.465922,-284.824436,396.900008
482.848349,-206.707340,289.471081
456.234426,-238.835730,332.075037
448.540051,-247.469878,342.469569
418.530027,-279.355901,377.290265
534.010196,-96.946839,146.938845
409.711598,-287.244731,385.352442
419.703688,-249.362396,380.307704
404.713803,-291.368970,388.379802
427.184947,-269.809970,367.715590
395.001965,-298.973966,397.021147
412.454640,-284.585877,382.571604
475.619207,-216.459112,301.575150
397.789426,-299.047223,394.292522
463.048248,-231.789687,322.206269
491.601028,-194.176813,271.786713
495.083423,-189.884144,265.859540
396.831756,-299.074748,395.042277
413.470193,-283.454730,381.456733
533.021175,-103.888878,154.875423
503.992655,-174.013867,246.017131
401.319998,-295.675234,391.789526
472.878115,-219.326570,306.061449
518.255059,-146.405398,209.179194
482.604062,-206.990287,289.799300
496.111294,-188.291823,263.991913
481.170114,-208.754357,291.732776
494.083891,-191.155714,267.471051
542.982154,-16.599904,62.464601
534.804650,-93.747208,143.269440
533.784394,-98.291670,148.487167
454.159434,-240.814286,334.641869
539.281153,34.558944,11.480096
399.359908,-297.779240,392.939038
537.259245,-86.000657,134.456689
419.513247,-277.716273,375.601672
462.194006,-232.387728,323.233847
471.138703,198.370565,-143.159588
490.570046,168.576546,-114.609730
420.201277,-276.744706,374.814185
537.596688,41.730104,4.095765
516.527317,-149.472962,213.552532
523.718112,-133.189284,191.854941
515.501742,-151.063716,215.780678
468.448967,-225.392141,314.298164
525.761924,91.203365,-41.368811
524.629830,93.923177,-43.886202
528.226962,83.699437,-34.779710
542.299174,1.094331,45.189718
511.446438,127.708293,-76.245852
543.067498,-9.292548,55.762965
470.801450,198.870339,-143.701281
480.083117,185.479981,-131.495996
538.767508,-77.818994,124.987527
529.951371,-114.139289,167.088815
543.029666,-11.331551,57.519162
487.996919,172.349818,-119.162665
530.058479,-113.818401,166.654666
507.916191,137.164062,-85.076262
525.022152,-128.926858,186.909969
542.779690,-1.842591,48.679202
498.800596,154.485246,-101.465650
483.472791,180.197192,-126.303961
510.734568,129.801378,-78.048432
518.048521,-146.894081,209.852510
440.737724,-256.250860,353.299659
540.474749,-61.064762,107.629531
395.029171,271.036172,-238.899562
393.999898,268.985233,-244.013036
448.686841,226.395290,-172.398704
395.000000,268.000000,-245.000000
493.329363,164.941156,-111.270997
540.191776,17.802801,28.221536
489.565840,169.973468,-116.233455
421.986896,254.010568,-203.020233
511.071870,128.790451,-77.174953
488.767819,171.148636,-117.689988
537.060144,-86.682168,135.233610
432.194839,244.733871,-192.032590
536.890669,44.422878,1.634948
395.000000,268.000000,-245.000000
465.983629,205.022221,-151.021303
395.000000,268.000000,-245.000000
427.566585,-269.430841,367.378871
487.929837,172.457531,-119.290658
394.001736,269.029054,-245.106282
522.414867,99.919445,-49.957778
395.000000,268.000000,-245.000000
395.033143,268.990997,-244.957928
500.921153,149.881829,-97.358463
395.000000,268.000000,-245.000000
395.000000,268.000000,-245.000000
416.981967,-280.792501,378.827390
497.714578,157.292587,-104.318035
531.893617,-108.255456,159.763998
437.189982,238.960734,-184.889233
403.850782,266.990863,-224.019160
394.189361,269.001690,-245.903489
394.082213,269.000789,-245.975329
395.109390,268.989895,-244.861139
539.790129,31.045577,14.994582
395.000000,268.000000,-245.000000
395.000000,268.000000,-245.000000
393.999458,268.968863,-244.876305
395.000000,268.000000,-245.000000
394.666349,270.650207,-239.709762
528.799283,78.045029,-29.070911
395.000000,268.000000,-245.000000
395.000000,268.000000,-245.000000
393.992254,268.994307,-245.014508
516.385839,118.311663,-67.372677
497.223391,158.506804,-105.574807
395.000000,268.000000,-245.000000
405.837164,265.669764,-222.242279
394.985383,271.039019,-238.333361
393.998562,270.049975,-243.959317
539.959823,22.846158,23.134369
395.000000,268.000000,-245.000000
395.000000,268.000000,-245.000000
395.000000,268.000000,-245.000000
