396.962750,267.964957,-244.074795
397.038930,268.024281,-244.011829
397.020250,267.979009,-243.961483
396.951480,267.974589,-243.974837
396.976264,267.978152,-244.034838
397.020197,268.041486,-244.043037
397.028041,267.957157,-243.992119
396.966175,268.013113,-243.969831
397.006956,268.033969,-244.003021
396.973393,268.019018,-243.955656
397.060058,267.979882,-243.990094
396.999747,268.002288,-243.968182
396.987605,268.016052,-244.003258
396.989865,268.012840,-244.073527
396.966853,267.938795,-244.031892
397.021767,268.039382,-243.975921
396.992058,267.993649,-243.946990
396.986144,267.947120,-243.980965
396.975025,268.021875,-243.016917
397.028795,267.982343,-242.999069
396.989670,267.978010,-242.967215
397.994839,268.005141,-242.021329
398.033433,267.967743,-240.917655
397.921124,267.989879,-240.002290
397.988849,267.982105,-238.960538
398.969596,267.003789,-237.973426
399.992038,266.975103,-235.940824
400.998925,266.972046,-234.981384
402.982962,266.010660,-233.015322
402.976664,264.998497,-229.987497
404.988928,264.042861,-227.980545
406.994345,262.961738,-225.994163
407.975333,262.008440,-223.004805
409.002248,260.988870,-220.030030
411.987341,259.965171,-216.965849
413.980059,259.021204,-213.982378
414.998778,257.030750,-210.027979
417.005997,255.982402,-206.987884
420.030081,253.976954,-203.006081
420.996378,253.047580,-199.998357
424.024420,250.973323,-196.017009
426.022332,247.988838,-191.935019
428.993242,246.008979,-188.048612
430.991062,243.990893,-182.955052
433.952599,240.954137,-179.006849
436.021914,237.998075,-173.963940
438.982935,234.995316,-169.999588
441.995350,232.031198,-164.971929
444.015929,228.976745,-159.958919
447.005305,225.943999,-155.026399
450.011354,222.004615,-149.991066
452.957026,218.003868,-145.020762
455.982400,213.994613,-139.979815
459.011362,210.021867,-134.955491
463.008171,206.028528,-129.028292
464.977412,202.048034,-124.014372
468.942331,197.006783,-117.968720
471.993224,191.991249,-111.944167
474.991476,187.017127,-106.017252
478.017911,182.015819,-99.979717
481.036182,176.015139,-94.007139
486.987104,164.993710,-80.960204
490.951701,159.033090,-75.022857
494.048988,153.058819,-68.009963
495.976250,146.050229,-61.006882
500.014963,138.968543,-54.008647
501.988686,132.990921,-46.969730
505.046314,126.011765,-39.956029
507.965696,118.975123,-33.018518
510.988018,110.989733,-24.979912
513.001982,103.987459,-18.008315
514.997763,95.958929,-9.998844
518.042074,88.980804,-2.035981
520.017574,81.013378,4.942202
521.965139,72.946142,13.050877
523.032017,65.027375,20.980285
525.009776,56.988585,29.968894
527.043302,47.984281,38.042071
527.964664,39.988825,47.009800
528.979519,32.089757,56.023708
530.034557,23.047441,65.022259
530.019993,15.000382,74.935086
530.959475,6.989363,84.977806
531.009389,0.012428,94.034431
530.984533,-9.018979,104.015025
531.016997,-16.998517,114.003347
530.048553,-25.003152,124.025856
528.964392,-32.947354,134.013471
529.014888,-41.005638,144.029615
528.025830,-48.007064,153.999581
525.994423,-55.969797,164.013251
523.971188,-63.969213,172.992020
523.016228,-71.006142,183.015490
521.004831,-77.986131,193.012232
518.031403,-85.023185,201.994498
516.976956,-91.947266,211.991155
514.004745,-99.006372,220.993254
512.020282,-106.000555,230.014574
507.964983,-113.013599,238.973584
505.996860,-119.003805,248.022092
502.954716,-124.999662,256.995316
500.022702,-131.018476,265.056673
496.013256,-137.114327,274.013200
492.968274,-142.990520,281.977162
490.027661,-148.993087,289.980565
485.974460,-154.017981,297.992445
482.049669,-159.018900,306.026452
479.019027,-165.032036,314.016773
475.004274,-169.986666,320.975039
471.036436,-173.989419,327.969814
468.004478,-179.021601,335.034766
463.000974,-183.989699,341.996052
460.004330,-188.974694,347.964770
457.046179,-192.987434,354.005869
452.033638,-197.999685,360.025817
448.964897,-202.050946,366.032678
446.072669,-207.013446,370.961302
441.954997,-210.989515,376.010914
438.006089,-214.969720,381.029908
435.003954,-219.062747,386.023588
430.974260,-223.065021,389.916085
428.011214,-227.022624,394.020504
425.013937,-230.967228,397.970550
420.972067,-235.041402,401.951489
413.992202,-241.956314,409.003564
411.968849,-244.992576,412.026070
409.020350,-249.013181,415.060305
407.012826,-251.996010,417.006268
403.977767,-255.018946,418.976540
402.004226,-258.006396,420.992372
400.068594,-261.029248,422.990130
397.996937,-263.995909,424.004404
395.996578,-267.067363,425.004931
394.945405,-268.965460,425.972810
393.053297,-272.012970,427.020226
391.970127,-273.963811,426.955204
391.009322,-276.978351,428.004142
389.996192,-279.029487,428.000736
388.989294,-281.041894,428.969513
387.992490,-283.008687,428.970962
387.043197,-285.039401,428.991340
386.977451,-285.999520,428.977550
385.999347,-286.943493,428.970072
386.001684,-288.051574,429.014165
385.007666,-289.006294,428.949434
384.987588,-289.987219,428.978750
385.958162,-290.024914,429.011189
385.982728,-289.979092,428.941626
385.980166,-289.963876,427.992029
386.991907,-290.027819,428.016124
386.991043,-289.040920,427.042578
388.009593,-288.014140,427.012479
388.976397,-286.968281,426.022881
391.030126,-286.030687,426.000262
392.011422,-283.969454,425.006353
392.979058,-282.007229,423.983331
394.997486,-281.002001,422.993502
396.995347,-279.051302,422.011682
398.012697,-275.990796,421.021439
401.044855,-273.987965,419.950265
403.031897,-271.962217,419.003930
404.970845,-269.017552,416.977495
407.968004,-266.029688,414.993209
413.973131,-259.946423,410.960865
416.965422,-257.033514,408.038386
420.003235,-254.007119,405.028512
422.990099,-250.005679,401.908424
426.952922,-246.980610,398.997325
431.042047,-242.973365,394.963864
434.022338,-239.987952,391.989526
437.930551,-236.013046,387.023988
441.958653,-231.986370,383.016521
447.020245,-229.032273,377.996196
450.025980,-225.020063,373.060310
454.026738,-220.961414,368.016234
457.939899,-217.014965,363.051765
462.987781,-212.015737,356.989298
466.985278,-208.008450,351.033321
471.008466,-203.977065,345.000524
475.058375,-199.980805,338.988430
479.999019,-194.991451,333.018153
484.041579,-191.038045,326.017893
488.043832,-185.979142,318.985802
492.034506,-181.023474,312.012932
495.961961,-176.003065,305.006554
500.952578,-171.039178,297.019088
504.013970,-165.990557,288.977658
508.001665,-160.964126,282.032768
512.026770,-154.985616,274.014175
515.989911,-149.945745,265.969588
518.951413,-144.005990,258.037492
523.045071,-137.967332,249.987746
526.006713,-131.999125,241.998566
529.010208,-125.996457,233.969142
531.999396,-120.020275,224.990070
533.991155,-112.981785,216.023797
537.050348,-106.996099,207.996427
539.961811,-99.978827,199.095981
542.058753,-94.005798,189.950089
545.017729,-87.004612,181.013468
545.953962,-80.050910,172.009628
548.988831,-72.970553,162.979251
550.972622,-65.980419,153.979091
550.978575,-59.027644,145.009191
552.987304,-52.008868,134.958440
553.962611,-45.028293,125.979335
555.075143,-38.034896,117.012222
556.005870,-31.049270,108.015517
556.018054,-23.037068,99.036874
555.990609,-15.993059,90.045936
556.021399,-8.971912,79.991180
556.023718,-2.039813,71.018395
555.990497,5.004821,61.987836
555.980544,12.020919,53.003381
554.984237,18.982856,43.968613
554.026510,25.965133,35.051724
552.025080,33.033516,25.956685
550.981304,40.009419,17.004337
550.007817,47.023967,7.990590
548.020989,54.960413,0.063623
545.030540,62.013803,-8.975329
543.976764,68.988560,-18.008774
540.985020,75.961885,-26.013575
538.999771,82.006361,-35.010854
536.002471,88.965721,-43.058792
534.003503,95.974389,-52.014810
529.973238,102.044166,-59.984028
526.991019,109.029383,-68.005907
522.989712,115.016099,-75.978182
519.981060,120.985450,-83.043047
516.998128,127.973272,-91.033221
512.982019,133.976433,-99.011431
509.049586,140.007862,-106.034846
506.018747,144.999034,-113.036259
501.967061,150.985939,-119.975181
497.048250,157.066450,-126.960367
493.011124,161.967190,-133.993836
489.010910,167.003496,-141.018858
485.007999,171.980366,-147.058142
480.006899,176.965928,-152.996075
475.943532,182.002201,-158.969205
470.987084,185.973348,-164.971586
467.008930,189.996320,-171.015350
462.993768,194.015279,-175.998570
457.985527,197.992067,-182.011380
454.056648,202.039725,-186.982072
450.983630,204.995283,-192.035053
446.954366,207.979836,-196.946214
442.009326,210.980066,-201.018411
439.056370,213.964314,-204.971841
434.984998,215.990627,-209.972812
430.968808,218.940615,-213.963752
427.964602,220.973572,-217.033974
425.012056,223.011136,-220.955113
420.924758,224.956047,-224.997214
418.043924,226.010469,-227.998586
414.997211,228.042585,-230.966267
412.008894,229.004708,-234.036706
409.028977,230.979997,-236.966339
406.979943,231.997037,-239.983665
404.002242,232.999584,-241.952739
401.959715,234.976308,-244.950997
399.005158,235.947815,-246.982003
397.972288,237.011073,-248.998916
394.986371,236.996428,-251.023595
393.008663,238.023506,-251.985107
391.979746,238.976085,-254.005975
391.009441,240.032136,-255.055220
389.006267,239.988799,-256.004159
387.979677,241.043679,-257.040206
387.010372,241.010252,-257.976586
387.052966,242.032579,-257.999014
385.999827,241.954284,-258.993859
385.027118,242.944158,-259.028343
384.998078,242.984232,-259.015237
384.980377,242.991760,-258.939903
385.031185,243.007006,-259.048227
385.007937,242.968542,-258.971684
385.040036,243.015112,-258.973555
385.010160,243.047553,-257.994152
384.990415,242.949016,-258.015953
386.056426,242.007449,-256.983517
387.049801,241.964767,-256.956978
386.989582,242.018461,-257.012330
