397.001204,267.991569,-244.019598
396.999291,267.993120,-244.007654
396.993928,267.996189,-243.999716
396.997390,268.002445,-243.993334
397.006364,267.988587,-244.002515
396.983973,267.998849,-244.010171
397.024777,267.989531,-243.992582
397.008332,267.993343,-243.999701
396.980050,267.991432,-244.013647
396.995605,267.997597,-243.999017
397.001183,267.993165,-244.016815
397.001096,267.995336,-243.995161
396.989438,268.003457,-244.018446
397.021071,268.018496,-243.987425
396.997291,267.997304,-244.003113
396.998888,267.987873,-243.991483
397.013848,267.994645,-243.996935
397.000982,267.994040,-244.006816
397.015883,268.002230,-243.002107
397.000270,267.988959,-243.004495
397.002213,267.994653,-243.005556
397.993235,268.010457,-242.001494
398.006269,268.006828,-241.004003
397.992500,267.995174,-239.994333
398.005144,267.988946,-239.012253
399.006590,267.002912,-238.015114
400.006320,266.991144,-235.993667
400.995894,266.990051,-235.007965
402.982625,266.013043,-232.989723
403.006831,264.981605,-229.992939
404.989286,264.000507,-227.992187
407.003088,263.006276,-225.992170
407.990797,262.011402,-223.003665
408.994253,260.981793,-219.987528
411.995311,259.993120,-217.004983
413.963643,259.010016,-214.011391
415.000348,256.999021,-209.996281
416.995712,256.008922,-207.013271
420.018997,254.007679,-203.006382
420.987531,253.001616,-200.010475
424.011111,250.997442,-196.007400
426.018611,247.998110,-191.992030
428.981841,246.002861,-187.972493
431.008172,243.998027,-182.997259
434.012583,240.997127,-178.997811
435.993170,238.006137,-173.992462
438.990260,234.992812,-169.987721
441.973124,231.994777,-164.998035
443.998746,228.998672,-160.004164
447.000125,226.000334,-155.009259
449.996469,222.006332,-150.019841
453.010011,218.003722,-145.006397
455.973368,213.989766,-140.001713
459.010180,210.004536,-134.997861
462.991799,206.013252,-128.994442
464.987426,201.998798,-123.984300
468.988870,197.004547,-117.996575
471.999850,191.977690,-112.002041
474.993110,187.003160,-106.003701
478.015218,181.975512,-100.020368
481.007142,176.010164,-94.021837
487.005076,165.003037,-80.996161
491.002602,158.998817,-75.018129
494.013779,153.009276,-67.997229
495.991586,145.992811,-61.003645
499.999438,138.991391,-54.013660
502.017424,133.009695,-46.991187
505.003534,125.999388,-40.017480
507.997300,118.997188,-32.989974
511.008403,111.013553,-25.014655
512.999851,104.012267,-17.999933
514.989106,96.011841,-10.011371
517.997585,88.980314,-2.000566
520.013002,81.005253,5.005515
521.993756,73.001588,13.009443
522.997645,65.004891,20.997992
525.015378,56.982869,29.990756
527.002824,47.988687,37.997687
528.008161,40.013763,47.011034
528.993960,32.000023,56.003299
530.016438,23.002406,64.989516
529.989191,14.995969,74.994592
530.998992,7.010357,84.981963
530.992987,0.004383,94.004485
531.003206,-9.004913,104.001132
531.001812,-16.983724,114.005155
529.996511,-24.994399,124.007449
528.995256,-33.009032,134.000336
529.007540,-40.993853,143.993784
528.012505,-47.981074,154.003836
526.006638,-56.001537,163.980770
523.992512,-63.980935,172.974296
523.020989,-70.988899,183.001978
521.007141,-78.003087,193.002420
517.998078,-84.985043,201.988061
516.988490,-92.011754,212.000450
513.992955,-98.995417,220.988690
512.010136,-105.995916,230.022431
508.001391,-113.016462,238.986375
505.993149,-119.010844,248.013529
503.007408,-124.982219,257.006813
499.992178,-130.998304,265.010053
496.011596,-137.016557,273.987733
492.997185,-142.983674,282.010173
489.997026,-149.012826,289.982402
486.004415,-154.002662,297.995827
482.002157,-159.000200,305.998792
478.990374,-165.009261,314.008467
474.998278,-170.005701,321.014869
471.017129,-174.003531,327.991044
468.001227,-179.006512,334.997689
463.001414,-184.014318,341.990096
460.020590,-189.013371,348.002466
457.007749,-192.991512,354.002504
452.010493,-198.006327,360.000756
449.006004,-202.009105,366.004652
446.001047,-207.018015,371.000925
442.003352,-210.979722,375.989688
437.997680,-215.007952,380.994465
435.013487,-218.993541,385.998895
431.006132,-223.009160,389.989211
427.995704,-227.000703,393.999266
424.994167,-231.006108,398.001432
421.003195,-234.990373,401.995410
414.008855,-242.001887,409.008646
411.985507,-245.007669,412.000698
408.987659,-249.000507,415.003822
407.003502,-252.009023,417.005752
404.003269,-254.991060,418.973782
402.015456,-257.993591,420.983677
400.005126,-261.004284,423.012128
398.013548,-263.990521,423.986479
396.000520,-266.985748,425.011425
395.002555,-269.003051,425.997017
393.005861,-271.987327,427.010342
392.014293,-274.014952,426.995671
390.985109,-276.976076,428.004756
390.010177,-279.012470,427.995360
388.988260,-280.980858,428.993201
388.006982,-283.012767,429.001305
386.998096,-284.996489,429.007724
387.007142,-286.002303,428.991417
386.004678,-287.006023,429.015332
386.017899,-288.007150,429.007143
384.998671,-289.012699,428.998914
385.000354,-289.996187,428.999895
386.025019,-290.005244,429.000231
386.021005,-290.005978,429.010331
385.996690,-289.996836,427.989531
386.988060,-290.002501,427.996778
387.017881,-289.002728,426.993419
387.991448,-288.000260,427.007328
388.990955,-286.983498,425.994849
390.997214,-286.010936,426.007474
391.998834,-283.996577,424.990139
392.994615,-281.974042,423.988356
394.999782,-281.004292,422.987134
396.996713,-278.999924,421.996611
397.979497,-275.986763,420.978278
401.020744,-273.992032,419.994316
403.012061,-271.992038,419.000753
405.005881,-268.997151,417.014968
407.999955,-265.993159,414.989440
413.988588,-259.993512,411.010706
417.008508,-257.018729,408.000944
420.014957,-253.994660,405.001115
423.002926,-250.010447,402.006440
427.001893,-247.008480,398.994948
431.012505,-243.012239,394.991493
434.014389,-239.997195,392.003941
437.993212,-235.996112,387.002078
442.015328,-231.993315,382.999971
447.000379,-228.994023,377.993502
449.994147,-224.997344,372.975311
454.008085,-221.014553,368.000472
457.992647,-216.991007,363.018684
463.012907,-212.011350,357.004335
466.983322,-208.008682,350.987891
470.989780,-204.006271,344.994852
474.990093,-200.006834,338.988939
480.011731,-195.001939,333.002662
483.995464,-191.015882,325.995106
488.005373,-185.991732,319.001283
491.995162,-180.986022,311.990439
495.996509,-176.004138,304.993137
500.986342,-170.998136,296.998952
504.000740,-165.996055,289.017629
508.011604,-161.006478,282.003593
511.998464,-154.992177,273.992510
515.995516,-150.006471,266.002685
519.007814,-144.008062,258.002227
522.988034,-138.002482,249.991866
525.989526,-132.010615,241.995604
529.001659,-125.994385,234.001565
531.988241,-119.990243,224.986415
534.002422,-113.017079,215.987218
537.010609,-106.990132,207.984586
539.995382,-99.990417,198.986356
541.997779,-93.991194,190.006349
544.996884,-87.006108,180.989346
546.008593,-80.001679,172.001575
549.003533,-73.007027,163.009799
551.012127,-66.012846,154.010359
550.994612,-59.000233,145.004587
552.996129,-52.007992,135.001962
554.000797,-45.009348,126.000061
555.017079,-37.998352,116.999820
556.000866,-30.995365,107.986301
555.999375,-23.002280,99.000641
556.013310,-15.996624,89.992549
556.009857,-9.000626,80.019475
556.001788,-2.008391,71.006259
555.997713,4.997555,61.996016
555.996136,11.999670,52.980564
554.995672,18.999874,43.995987
553.992560,26.002516,34.985468
552.004993,32.988116,26.000103
551.000019,40.004395,16.993462
550.017550,46.977941,7.992011
547.996685,54.994241,0.001227
545.007582,61.997927,-8.973365
543.998995,68.990179,-17.988052
540.988721,75.994553,-26.007518
539.002710,81.986467,-34.993607
536.015414,88.982149,-42.984602
533.998586,96.021451,-52.008401
529.995171,101.999651,-59.997682
526.981150,108.996957,-68.008322
522.994901,114.995398,-75.998452
520.003687,121.006580,-82.988420
517.012463,128.004571,-91.002313
513.009481,133.983094,-99.006088
509.004007,140.001536,-106.014344
505.994586,144.993735,-112.999251
501.984279,150.986896,-119.988304
497.005698,156.992329,-126.985950
492.994865,161.997672,-133.997121
488.995242,166.991898,-140.989492
484.988194,171.994829,-147.007513
480.007495,176.997398,-152.981795
475.995370,181.994060,-158.978860
471.013430,185.997558,-165.005973
466.998081,189.997485,-171.009500
462.999879,193.990719,-175.995433
457.993597,197.997256,-182.007696
454.001660,201.998681,-187.011227
451.004283,204.993090,-192.016409
447.000929,208.012658,-196.989288
442.011170,210.999528,-200.991091
439.001169,213.971084,-205.002177
434.993811,215.999699,-209.998752
430.990709,218.998400,-213.997530
428.007807,220.981926,-216.995043
424.985477,223.000068,-221.000057
420.993544,224.979227,-225.015757
418.001470,226.012704,-228.001205
415.004834,227.996988,-231.009984
412.022171,229.000259,-234.011369
409.006209,230.992851,-236.999311
407.005742,232.006687,-240.004859
403.995227,233.000247,-242.004195
401.974521,235.004351,-245.012892
399.013233,235.989132,-247.003376
397.992656,236.989156,-249.015831
394.989061,237.024077,-251.008710
392.992325,237.996397,-251.990220
392.004395,239.001215,-254.000008
391.000282,239.997873,-255.012845
388.996041,240.017640,-256.007868
387.988835,240.997595,-256.992389
386.982518,240.984787,-257.989857
387.008616,241.992260,-257.992183
386.020878,241.989568,-258.996365
385.006562,242.996468,-258.996116
384.998046,242.995799,-259.011930
385.002583,242.994854,-258.994794
384.992950,243.006247,-258.989242
384.992966,243.007317,-259.009120
385.000993,243.001261,-259.002356
385.009283,243.013081,-257.998769
384.997171,242.993529,-258.004687
386.005452,241.993268,-257.011839
387.003213,241.982173,-257.004586
386.990768,241.992058,-257.006094
