428.000000,207.000000,-268.000000
427.013871,207.015939,-267.998833
426.982541,206.888425,-268.008169
427.070428,208.125450,-268.075383
427.090194,208.073438,-268.093602
426.051390,207.957875,-267.048510
426.006580,209.011394,-267.003178
426.129835,209.086550,-267.025678
425.023084,209.168262,-266.999488
425.716783,208.990277,-266.992494
425.025676,209.217519,-266.999421
425.001952,209.972117,-266.998103
425.000290,209.995849,-266.999142
424.999934,209.999897,-266.925200
424.999767,209.999867,-266.101313
425.001941,209.972262,-266.998088
425.001410,210.000613,-265.905081
424.999637,209.999762,-266.258243
424.994625,209.997789,-266.028571
425.000556,210.000233,-265.985282
425.010401,210.004257,-265.989556
426.093704,209.948097,-264.906009
426.875248,209.004403,-264.135076
427.004746,208.975177,-263.996385
425.009242,210.003789,-265.984048
435.914676,200.125209,-254.094456
449.385049,184.644659,-240.672863
439.364582,196.582899,-251.622673
433.282809,203.073266,-257.089544
434.352205,202.456287,-256.481101
448.128938,185.844627,-241.799882
461.154728,170.114110,-225.080956
446.645904,187.354194,-243.316103
450.898545,183.246117,-239.359933
464.508144,166.539397,-221.620641
458.331283,175.598743,-230.615718
469.136213,161.068989,-215.308510
458.281049,175.665388,-230.680031
470.267141,159.711491,-213.669981
449.570271,184.476180,-240.518590
474.309373,155.610809,-209.623266
460.179240,171.643115,-226.635303
456.994860,176.883341,-231.823967
473.055309,157.035043,-210.983725
431.192255,204.925034,-258.934006
445.123882,188.843383,-244.915774
493.914254,126.163350,-179.198804
496.820238,121.239328,-173.295146
478.837326,147.696182,-201.689210
484.120845,140.822374,-194.820883
482.782287,142.603080,-196.610548
511.330124,96.010885,-145.658115
490.466980,131.689215,-185.744147
503.797156,110.405233,-161.436650
516.284230,88.404443,-136.516641
507.292253,104.490267,-154.450087
491.300718,130.587602,-184.539299
507.683448,103.779746,-153.716596
534.086131,48.644115,-89.565353
540.085952,28.683573,-64.550525
532.126790,52.989464,-95.369180
547.266340,2.352614,-27.868498
492.613962,128.542583,-182.121791
524.810047,68.551266,-114.693873
521.732054,75.906966,-123.274155
551.009143,-17.211606,3.665183
552.066400,-28.675314,19.108885
498.625134,119.049519,-170.554221
538.945087,33.236746,-70.501850
544.645979,12.053808,-40.951472
551.837585,-37.861747,34.659533
552.097677,-41.656175,39.974156
548.992972,-84.027853,109.043972
509.920219,99.179611,-149.186613
546.812539,-90.596046,120.148060
518.554686,81.174828,-129.217959
538.890115,-115.180251,165.540740
550.102368,-77.433304,97.958614
546.331518,-92.448850,123.921074
539.065850,-114.580810,164.554226
534.553299,-123.825381,182.165922
433.888425,-204.537795,404.263592
543.929877,16.324451,-47.449807
539.389235,-113.590820,162.862455
551.220016,-64.508046,76.547167
508.840505,-158.237935,265.607878
528.590325,-135.895494,208.601284
520.482061,-145.781203,232.959916
528.448049,-136.205962,209.258807
552.090647,-32.451454,26.235588
520.918429,-145.124699,231.311791
537.720925,-118.578398,170.974557
510.007727,-157.038290,262.677525
542.577164,-106.440746,149.353811
549.936000,-78.384879,99.694913
551.937761,-54.194756,60.733062
549.695169,-80.039418,102.574920
453.943030,-194.535322,374.781440
453.600845,-194.707047,375.381089
455.782276,-193.598364,371.775443
462.953996,-190.030094,360.080864
533.717205,-125.614973,187.300657
517.522231,-149.521764,242.267303
408.263699,-219.718307,436.134743
441.521320,-200.737543,394.271298
512.267491,-154.696211,256.160409
429.117882,-207.154661,411.081840
393.995910,-238.040228,446.995481
399.147224,-227.870729,444.362491
533.016790,-126.971073,190.929302
431.442082,-205.762235,407.367140
443.575382,-199.710999,391.169771
537.436410,-119.102229,171.892945
548.834479,-84.617675,109.974382
469.768127,-185.535487,347.489358
430.157131,-206.483117,409.309050
395.811578,-255.018948,438.191373
429.832179,-206.682739,409.848328
523.434613,-141.604330,222.541192
441.057407,-200.969547,394.966874
427.476249,-208.434244,413.809294
398.627150,-228.602628,444.577418
399.761609,-227.210874,444.106635
397.911606,-230.842091,445.428299
394.010240,-238.881070,446.943267
470.195620,-185.348197,346.618504
397.877438,-232.568418,446.023415
397.990755,-231.588715,445.858243
391.995341,-251.993386,443.008346
409.391891,-218.710539,434.552051
393.999984,-238.000147,446.999983
393.054700,-253.319153,441.748138
392.277336,-243.203587,446.329960
393.295893,-241.546387,447.104390
403.297544,-224.557019,441.499395
396.091259,-255.003325,437.905105
395.784880,-255.023610,438.218078
392.473057,-252.430975,442.509697
395.328460,-235.649877,446.848166
394.648996,-254.638344,439.372138
462.032422,-209.822329,359.748068
449.737367,-196.629730,381.992239
438.642305,-229.356636,391.635896
391.992925,-249.717619,444.343516
400.052560,-253.981916,432.952405
432.687140,-233.677431,397.388218
396.314723,-234.705835,446.298203
392.865896,-242.202883,446.915750
397.749699,-232.881905,445.994552
422.692767,-240.193701,409.361897
392.020728,-252.027622,442.965403
445.567697,-224.364261,382.495176
436.528168,-231.577748,394.511930
515.143059,-143.943083,268.316037
410.619403,-248.142581,422.358127
415.632197,-245.635729,416.280363
423.712424,-239.537914,408.077530
409.494486,-248.631879,423.491140
430.962034,-234.594374,399.221571
498.504143,-169.280021,301.068462
411.220515,-217.562303,432.832171
391.980714,-245.802605,446.044550
427.609277,-236.948679,403.428071
397.771053,-254.195506,436.320332
398.247640,-253.893189,435.554012
443.225709,-226.168407,384.717716
549.999695,-5.244452,114.237827
393.397023,-253.976114,440.495606
395.302652,-255.093090,438.694066
490.008343,-181.020523,317.504141
426.859682,-237.437540,404.117321
479.327189,-193.579292,335.908574
397.462993,-254.547910,436.633207
447.119363,-222.992033,380.410384
477.994868,-194.609242,337.512955
538.659594,-86.712793,200.383984
547.007768,37.408511,71.139743
402.998960,-225.001094,442.001305
550.002723,-13.111047,121.106567
431.383816,-234.335318,398.680447
484.747561,-186.635085,325.704755
550.100797,-16.075554,124.273519
549.592120,-22.994537,132.501548
482.890987,-189.162024,329.230217
548.081583,-40.174335,150.057220
526.544270,117.893336,-1.821741
523.067771,-129.845354,250.830317
546.806297,-44.854415,154.944570
472.477978,-200.334960,345.139750
499.174549,-168.342836,299.867028
415.926427,-245.457944,415.973753
483.089311,-188.869039,328.814641
495.485075,-174.179884,307.798485
545.893635,41.505253,66.480586
541.203105,66.799627,43.531970
545.843129,-52.335328,163.422396
546.605589,-45.918727,156.156000
472.866425,-199.751916,344.415695
401.343913,-253.396332,431.676489
543.593344,-68.973050,180.146678
447.459805,239.693812,-112.510565
430.717338,250.209132,-134.436777
498.962598,174.630972,-50.627874
462.841908,225.172382,-96.163133
549.815756,11.738057,96.309716
482.646944,-189.532713,329.760835
407.140714,-250.917345,425.860318
479.721464,-193.248278,335.389280
438.898783,246.657527,-122.724045
434.802998,-232.720150,395.896600
422.507013,-240.309702,409.570758
546.259019,39.935586,68.159253
441.187992,244.746258,-119.701595
536.843647,87.403494,24.621104
432.041182,246.981266,-150.090166
550.097712,-15.965260,124.145940
540.955545,67.743423,42.728081
478.887241,204.469141,-76.967842
458.250325,229.801264,-101.007027
487.934638,192.792123,-66.441372
496.867632,-171.715922,304.276219
545.038427,48.553150,60.364170
534.095667,-102.731846,218.691674
549.784853,-21.723607,131.036932
459.337491,228.657059,-99.605322
450.265192,237.684367,-109.627631
550.105650,-18.327248,126.970075
478.501651,204.941301,-77.324700
427.976408,251.006387,-139.171547
434.022938,246.005455,-150.000151
429.938697,248.000690,-148.999951
431.024428,247.168663,-149.023425
435.585824,248.522998,-126.729196
435.541368,248.588099,-126.834552
530.040559,107.160917,6.350195
426.996457,250.158900,-144.813768
540.903354,67.947985,42.554224
433.062762,245.949038,-149.998993
427.002092,249.928717,-145.144481
454.557178,233.021269,-105.144669
450.254497,237.698608,-109.643878
426.918324,250.971468,-142.718581
447.031223,233.721423,-151.999997
429.020871,248.004829,-148.999660
426.920844,249.648748,-147.325211
447.000000,234.000000,-152.000000
447.313676,239.785554,-112.658888
549.994757,-3.451295,112.382271
465.286124,222.079952,-93.125043
471.866825,214.255323,-85.861250
539.195346,77.676406,33.276170
522.125179,126.731454,-10.206437
497.759665,176.445798,-52.487054
427.014720,250.054292,-146.961732
447.000000,234.000000,-152.000000
441.021530,239.859262,-151.001756
431.139436,249.962501,-133.835054
510.290701,154.418360,-33.209687
431.012909,247.060788,-149.012265
539.736168,73.585872,37.459965
444.065865,236.948544,-152.007117
431.955150,246.966681,-150.068638
550.002478,2.108643,105.879024
426.992477,250.426704,-144.574922
447.000000,234.000000,-152.000000
530.588434,-110.977647,228.086462
431.614741,247.031892,-149.584121
531.629396,103.114786,10.002698
437.834682,243.048267,-150.988372
441.396782,240.130451,-150.993341
430.990746,247.976818,-149.001667
427.026069,251.106532,-143.537362
434.776886,246.091597,-150.000061
496.879091,177.736876,-53.785496
446.004549,236.006274,-151.999985
435.635317,248.449173,-126.616710
427.953210,248.987292,-148.115501
535.999182,-96.003082,211.003515
434.908404,246.055536,-150.000049
447.000000,234.000000,-152.000000
439.487759,241.661329,-151.000526
447.000000,234.000000,-152.000000
435.873992,244.224064,-149.897828
430.619862,247.997492,-149.000180
447.000000,234.000000,-152.000000
429.047920,248.114433,-148.992164
437.998439,242.277265,-151.004922
426.992425,249.989255,-146.819367
426.930505,250.993208,-142.197404
493.115006,183.166361,-58.529387
443.018463,237.979117,-152.028490
447.000000,234.000000,-152.000000
447.000000,234.000000,-152.000000
447.000000,234.000000,-152.000000
428.036847,251.000459,-139.847358
447.000000,234.000000,-152.000000
536.453577,88.338283,23.716220
447.000000,234.000000,-152.000000
447.000000,234.000000,-152.000000
434.003755,246.001070,-149.999995
447.000000,234.000000,-152.000000
447.000000,234.000000,-152.000000
447.000000,234.000000,-152.000000
447.000000,234.000000,-152.000000
435.038317,245.081385,-149.999714
447.000000,234.000000,-152.000000
447.000000,234.000000,-152.000000
447.000000,234.000000,-152.000000
447.000000,234.000000,-152.000000
437.133087,242.953060,-150.978077
447.000000,234.000000,-152.000000
447.000000,234.000000,-152.000000
445.941143,236.120257,-151.999924
