451.980980,229.038203,-152.986168
451.975740,228.961410,-153.040321
452.003800,229.052329,-152.989850
451.978756,229.013111,-153.066163
451.997313,229.026688,-153.005218
452.015174,228.995234,-153.007940
452.051418,228.967490,-152.956145
452.014213,229.025660,-152.963397
452.010229,229.029765,-153.002078
451.995786,228.968327,-153.003551
451.986814,229.022971,-153.024672
452.046925,229.003587,-153.024313
452.019100,229.040016,-153.051355
451.999735,228.917261,-152.954190
451.941191,229.031128,-152.997106
451.960118,229.002457,-153.028842
451.947249,228.957199,-152.979329
451.979317,228.979128,-152.957906
451.985502,229.002146,-153.025337
451.985757,228.987076,-152.979480
452.009714,229.022370,-153.006496
451.997940,228.989837,-152.968300
452.024035,228.996632,-152.997498
452.013113,228.964188,-151.975738
452.981174,228.992625,-152.031617
452.969057,229.013427,-151.969983
453.015319,229.003842,-152.004125
452.982106,229.012569,-151.989158
452.996992,228.972776,-151.025878
453.074264,227.976834,-150.976384
454.029472,228.039429,-149.996889
453.983237,227.048517,-149.002420
454.977376,227.029053,-147.997134
454.994682,225.993268,-145.933740
456.043621,225.966965,-145.002389
457.009675,225.053612,-143.007692
457.981775,223.991381,-140.995849
457.995130,223.043014,-138.035422
458.959201,221.994534,-135.985547
460.966990,220.051278,-133.001221
462.005537,219.025341,-130.020231
462.983322,216.996239,-127.033789
464.994448,215.002512,-122.983682
466.979397,211.980597,-120.018904
469.018604,209.986234,-115.947592
470.060966,207.019147,-111.953954
472.993668,204.075649,-108.081052
473.958463,200.971879,-104.004494
477.043245,198.026425,-98.979906
478.995874,194.034708,-93.984272
481.018822,190.015817,-89.987347
483.947428,187.023899,-84.982845
484.981760,181.978723,-80.006283
488.001088,177.987034,-74.026128
490.988796,173.014082,-69.000570
495.999514,163.976272,-58.005076
496.990234,159.010525,-51.986633
499.988089,153.001434,-46.023127
502.060604,148.017565,-39.964852
504.035606,142.017129,-33.983925
506.971836,137.016469,-26.967153
507.953390,130.997927,-20.001855
511.041415,125.019399,-13.014556
512.966391,118.976310,-7.032954
514.982279,111.985754,0.036526
516.965887,105.990751,5.998206
517.964793,100.017919,14.013595
520.032157,92.975995,21.008613
520.987898,85.979929,29.000961
522.982140,80.037136,36.986950
523.001317,73.014863,44.003507
524.009804,66.008903,53.059688
526.021680,59.031133,60.984275
525.988144,52.030250,69.001345
527.068660,46.037654,77.021051
528.018454,38.005933,85.957057
527.962782,30.970653,95.011364
527.987282,24.047233,103.030734
527.942374,16.990518,112.016338
528.019432,9.983036,121.008195
526.983405,2.962021,129.054032
526.942130,-2.988860,137.984084
525.957504,-11.000162,147.021632
524.978009,-18.002242,155.003164
523.997715,-25.031628,163.936032
523.042355,-31.959827,172.017697
521.983966,-39.964363,180.991865
519.981755,-47.039211,189.009598
518.022287,-54.004344,196.988000
516.981111,-61.015969,206.045308
514.976705,-68.005787,213.999040
513.066205,-75.004301,221.998519
509.981282,-81.996550,230.042174
507.966538,-88.036771,237.990698
505.975041,-94.992330,245.987718
502.980490,-101.964757,254.000739
499.974652,-107.985234,262.034854
497.049159,-115.034156,269.952504
494.014948,-121.021418,276.960028
491.003940,-128.022587,284.938867
487.969117,-133.979173,292.031135
485.014814,-139.977648,299.008490
480.970264,-145.992849,306.026149
478.027126,-151.988295,312.968200
473.975248,-157.985095,320.032414
470.013103,-164.016828,326.992301
462.987666,-176.036377,338.952009
458.976640,-181.958162,344.985494
456.004654,-187.021664,350.978501
452.030618,-192.999217,357.060148
447.994544,-197.961147,363.031574
443.952038,-203.046565,368.011203
441.005194,-207.985191,372.988309
436.012831,-213.003134,377.991332
433.020326,-217.015566,381.947338
428.969776,-221.936606,386.998291
424.976980,-226.108638,391.025627
421.957203,-230.963989,395.968601
418.958777,-235.005556,400.009194
415.000040,-238.979093,403.000452
411.994873,-243.019773,407.043664
408.992659,-247.047472,410.009675
405.009820,-250.962040,413.012049
403.016321,-255.010160,414.989151
398.984437,-257.983195,418.073492
397.018102,-262.003696,420.039283
393.962330,-264.984496,421.998857
392.018823,-268.002559,424.029605
390.078231,-270.970973,425.928599
388.027245,-273.977390,426.970605
386.934480,-276.009886,428.046245
384.996903,-278.968953,428.999844
383.021658,-281.011063,429.999093
381.943346,-282.981949,430.000450
380.990844,-284.999874,431.006208
381.038362,-286.977838,431.027169
379.957748,-289.010837,430.993167
379.044683,-290.062694,430.979112
378.999014,-291.037934,430.953818
378.032681,-292.026812,431.057077
377.993630,-293.017624,432.029938
377.990029,-292.980357,431.010107
378.018967,-293.016498,431.014825
378.058055,-292.999188,431.030398
379.015861,-292.999729,430.988293
379.043682,-292.994500,431.015734
379.993299,-291.976483,430.979328
381.037442,-291.022042,430.962154
380.968768,-289.907505,430.958240
381.974008,-287.976793,430.961678
383.059044,-287.029154,430.999658
384.052534,-285.049920,430.979263
384.998307,-282.996881,429.943559
387.002878,-281.019411,430.037041
386.981493,-277.928657,430.009309
388.999420,-276.023191,429.960052
389.989273,-272.914222,430.045096
391.978860,-270.019225,430.072104
392.981739,-267.031262,428.986645
395.009151,-264.012204,428.951289
396.978218,-260.005753,429.023176
398.024851,-256.003089,428.034396
399.966615,-251.958054,427.963495
402.966903,-248.049431,426.987716
404.020163,-244.004535,426.996333
405.996135,-239.024155,426.023375
408.980783,-234.997512,425.978829
409.967079,-229.956745,424.962223
413.000431,-224.961508,424.009072
414.000325,-220.031157,422.966464
416.977625,-215.032348,421.920279
418.998244,-209.948903,421.040598
421.013015,-204.971852,420.031084
423.985863,-199.929670,418.011960
426.022950,-193.975832,415.992579
428.935165,-189.047592,413.971583
431.001379,-184.017253,411.982232
434.009271,-178.020996,409.012449
436.002601,-172.978535,407.021343
439.041315,-168.036094,403.988872
442.004989,-162.049656,401.004119
444.004460,-157.004430,396.987398
446.960709,-152.015117,393.983172
450.047319,-146.010557,389.959914
452.018399,-141.072354,386.075560
456.010928,-135.965889,381.996787
458.016304,-130.976111,376.998556
460.959509,-125.032296,372.000731
463.994407,-120.022163,367.960890
466.991411,-115.000575,361.978265
470.034056,-108.981089,356.975200
473.015511,-104.080910,351.018170
474.987614,-99.044246,345.988868
478.002308,-92.999412,340.010522
480.986538,-87.993447,334.065591
483.958591,-82.000101,328.055417
486.028171,-77.007089,320.996108
488.987378,-71.053471,315.021562
491.039756,-65.941546,308.028520
493.001502,-59.996387,301.986405
495.996997,-53.995948,295.001651
496.958531,-47.988111,287.944223
499.015649,-42.009381,280.994416
500.995023,-35.990881,274.951599
502.028607,-30.010027,266.975583
504.007016,-24.024780,260.066766
506.037368,-17.980113,253.053408
506.952542,-11.934713,246.040368
508.034443,-5.992123,238.987585
509.049594,-0.087292,231.985475
510.096380,4.961612,223.951899
510.939310,12.011560,217.003158
512.007168,17.993395,210.013448
513.034297,23.996675,201.971374
512.987985,29.977877,195.018740
512.986886,35.995208,187.975639
513.010653,42.973765,181.028337
513.018361,49.010446,173.024288
512.949488,55.982918,166.015708
511.975552,61.984320,159.006849
511.004117,67.983632,152.008596
510.021491,74.990516,144.993140
508.954619,80.944355,138.018304
508.043718,86.986672,131.036740
506.966746,92.992280,124.027739
506.033261,99.006746,116.993098
505.013750,104.968215,109.964243
503.030864,111.988398,104.035442
498.992442,123.966267,90.036450
496.950402,130.003678,84.013688
495.992608,136.000112,76.955691
493.014840,142.005404,70.997362
490.987040,146.960061,65.003143
487.948646,152.983133,58.978430
485.011967,158.981180,52.005638
483.000188,163.934954,45.983049
479.949003,170.030801,39.997426
476.958955,176.002617,34.982963
473.972260,181.032110,29.021939
471.022615,186.979996,22.972541
468.040057,192.042518,16.994415
465.017781,197.002589,11.985988
461.967162,202.021899,5.963117
458.013653,206.957226,1.022574
453.946116,211.973909,-2.982465
450.990075,216.971566,-8.031174
447.023624,220.968874,-12.973571
444.029833,224.940152,-18.005946
441.032957,228.949728,-22.981774
437.980905,233.032839,-26.956354
434.985436,237.009400,-32.001784
430.984507,240.017150,-35.985263
429.034888,242.995871,-39.985928
424.997155,246.019760,-44.093671
422.988441,247.983893,-47.996314
420.055477,251.012977,-51.962006
417.932541,252.978147,-55.040030
415.992790,254.037551,-58.007467
413.969488,256.003290,-60.976656
411.976334,256.997120,-64.025364
409.982154,258.031253,-67.015785
409.026468,259.032738,-69.945034
409.038046,258.971871,-71.981363
408.036255,258.987968,-73.968514
407.015123,259.983903,-76.018532
405.963306,258.969019,-77.945685
406.050756,258.997515,-79.984218
405.999574,258.996252,-81.039612
405.933756,258.985955,-83.022197
406.028052,257.946655,-84.040676
405.992810,258.023605,-84.993351
406.981992,257.044789,-85.032489
406.971992,256.007004,-85.965062
408.997936,255.016605,-86.994087
408.959463,255.021832,-87.072030
408.992889,254.026004,-86.976633
410.037383,253.942508,-87.009366
410.017158,252.968382,-87.061922
410.933444,253.008500,-86.958374
411.960063,252.961932,-87.027706
413.018488,251.994662,-87.022775
412.992164,251.935549,-87.009417
414.067598,251.042798,-86.985822
414.004814,251.004626,-86.998770
415.045880,249.962473,-87.016842
416.078408,250.000528,-86.974526
415.967851,250.035778,-86.945247
417.007466,249.032779,-87.006288
417.970019,248.999568,-86.971777
418.948574,247.939033,-87.077476
420.062593,248.046927,-86.951638
420.034829,247.006451,-86.979547
419.950033,247.037333,-86.988399
421.072454,245.975395,-87.007522
422.003061,245.977427,-87.969055
422.964750,245.016996,-88.057225
423.049137,244.972698,-88.040942
424.040302,245.028709,-88.047357
425.029184,244.048227,-87.978921
425.002695,243.981273,-87.952953
426.024008,243.043795,-88.014069
425.979147,243.044343,-87.984588
427.042451,242.036008,-87.974394
428.001669,241.988052,-87.990941
428.013884,241.978785,-88.035235
428.994695,241.014503,-87.991840
429.015966,241.003629,-87.965253
429.985908,239.979155,-87.973140
430.972503,239.983259,-88.006065
431.007843,239.995997,-87.995705
430.965741,239.012467,-87.969564
431.017200,238.982968,-88.013035
431.968610,238.983861,-87.976072
431.976813,237.981899,-87.975372
433.006725,237.986372,-87.996737
433.004452,238.063213,-87.946097
433.031289,238.023433,-88.048579
433.990088,237.023284,-87.966709
433.985195,237.008427,-88.014760
434.969706,236.955571,-87.991828
435.058956,236.985725,-88.044827
434.979536,236.034340,-87.987838
436.035837,236.012577,-87.993628
