433.958184,-209.983632,-300.003059
433.031870,-210.014156,-299.985285
434.043705,-210.047357,-299.992393
434.025402,-209.936549,-300.009220
434.009805,-209.977229,-300.020006
434.037841,-210.001518,-300.055009
434.043181,-209.964621,-299.964282
433.968155,-210.005929,-300.026339
434.007804,-209.972144,-300.001329
434.010988,-209.992796,-300.020535
434.079616,-210.063158,-300.037199
433.963224,-209.996489,-300.041690
433.940428,-210.031366,-300.025220
434.024764,-210.022783,-300.029047
433.970260,-210.006189,-299.981025
433.998814,-209.987895,-299.992002
434.063334,-210.015867,-300.044437
434.002471,-209.994943,-299.973396
433.978022,-209.995072,-300.009761
434.012924,-210.012616,-299.951550
433.977708,-210.051367,-300.015077
434.001402,-209.948567,-300.023669
434.055630,-210.020452,-300.047551
434.010119,-210.017540,-299.056310
433.989921,-209.992903,-299.030053
434.007017,-209.999188,-299.010666
434.002798,-210.009689,-298.009075
435.069458,-209.994919,-298.030568
434.988043,-209.997078,-296.975780
435.003171,-210.000585,-295.970827
435.955230,-208.961275,-295.037237
436.042996,-208.988720,-293.992369
435.983015,-209.016204,-293.994746
436.003010,-208.996038,-292.888172
436.029259,-207.989906,-291.960510
436.991681,-207.969911,-289.991119
437.009002,-206.988697,-289.001169
438.042976,-206.971581,-287.994818
437.984811,-205.962224,-285.970706
438.982523,-206.044029,-284.967785
440.055046,-204.968960,-282.998090
440.022930,-205.044673,-281.981319
441.007695,-203.999043,-280.081760
441.985412,-202.948393,-277.966621
441.973849,-201.993527,-275.933644
441.908668,-200.947659,-273.985639
442.965100,-199.998652,-272.006410
443.969423,-199.033648,-269.970062
444.972527,-198.009329,-268.017312
445.047182,-196.979558,-266.017215
447.024346,-194.035235,-262.013121
446.993999,-192.050179,-259.982781
446.980289,-190.035985,-257.984243
448.027510,-188.011747,-255.943456
448.965231,-186.012720,-253.956404
449.991097,-182.966654,-251.009026
451.004543,-181.018649,-249.021783
451.025015,-178.973550,-247.022190
452.008828,-176.007287,-245.030569
451.994859,-173.029713,-241.970378
453.042775,-170.976159,-239.972347
452.988924,-167.969259,-238.004867
454.064892,-165.022739,-235.984873
454.978982,-161.986590,-234.019627
456.042240,-160.078710,-230.947428
455.989286,-157.040241,-228.994976
456.997373,-154.002627,-225.992424
458.010749,-151.016546,-224.012060
458.008451,-147.977619,-222.023409
457.993603,-145.020684,-219.017709
457.991714,-142.044227,-217.026978
458.995611,-139.012753,-214.033651
459.995590,-135.931349,-212.036992
459.986381,-132.953179,-209.015839
461.050855,-129.956611,-205.952734
461.068764,-126.978978,-203.937349
462.041855,-124.081370,-201.021499
461.996328,-121.001327,-197.966720
463.033314,-117.987512,-196.028266
463.006453,-114.989903,-192.978861
462.968434,-111.975232,-190.954536
463.003129,-108.996560,-188.006719
462.954177,-106.026337,-184.972760
463.005633,-103.031288,-182.981756
463.970290,-99.995577,-179.985726
464.027554,-96.934425,-177.998145
463.913360,-93.977099,-175.072282
463.950297,-91.043256,-171.986489
463.991630,-88.008175,-169.998431
465.024215,-84.990039,-166.983422
465.005644,-81.985886,-163.957761
465.004297,-79.026442,-161.919414
464.969965,-74.987692,-159.041705
465.010425,-71.951237,-157.048064
464.972851,-69.029208,-153.981986
465.000734,-65.962097,-151.979511
464.978820,-63.990483,-148.926825
464.985886,-60.965653,-146.996712
465.030231,-58.042935,-144.025906
464.986492,-54.957520,-141.974086
464.985161,-51.981543,-139.043977
464.975006,-48.965502,-137.008060
464.970020,-46.001447,-134.983664
465.046117,-43.032902,-132.015353
465.002097,-39.998880,-130.022873
464.949705,-38.007959,-126.971293
464.960019,-35.010799,-125.000682
465.041966,-32.015728,-122.988785
465.006076,-29.013944,-120.972085
465.010084,-26.002354,-117.964294
465.021764,-22.991576,-116.039088
464.980809,-21.006458,-113.973573
465.044003,-17.968209,-110.998622
465.053922,-15.998662,-109.008494
465.048865,-13.014930,-106.954479
464.926789,-7.964129,-102.040178
464.986570,-6.009860,-100.019242
465.046582,-4.023185,-96.969362
464.992423,-1.002343,-94.968198
465.010049,-0.031701,-91.974721
465.000356,1.996945,-89.979123
465.013177,5.000786,-87.010947
466.024736,6.992011,-84.948339
466.025897,8.987849,-82.047109
465.941983,11.982102,-80.033140
466.033114,14.050971,-77.023347
466.020428,15.953783,-75.005145
466.003603,17.983518,-71.990082
466.039411,20.016320,-68.973118
466.045368,22.051645,-66.964725
465.994057,24.010217,-64.000595
467.082215,25.989697,-60.997364
467.007264,27.964707,-57.988459
466.939245,28.991405,-55.008183
467.009219,30.963300,-51.985367
467.007902,33.044536,-49.003545
466.991113,35.014762,-46.032150
467.010156,37.002735,-43.014222
467.013950,38.988153,-40.017901
467.992456,39.975678,-37.005100
468.078064,41.992885,-32.964545
468.045283,44.010321,-30.005861
468.037392,45.987958,-26.946434
466.985647,47.999878,-22.980824
467.038595,49.998545,-19.964602
467.040605,52.965449,-15.983824
466.986567,54.985458,-12.044563
466.990728,57.035692,-8.980311
466.021540,58.962938,-4.971065
465.992508,60.969218,-0.981851
464.976992,63.986032,2.024556
464.999288,65.997606,6.023989
463.999301,68.006588,9.012016
463.031783,71.000388,13.964454
463.060239,73.011872,17.951881
463.008788,76.004685,21.942492
461.966394,77.979154,25.985340
460.993304,81.017023,30.012977
459.951051,84.019475,35.011245
458.998626,86.005759,39.008789
458.024096,89.017887,43.036041
457.074294,92.058180,48.015861
454.991978,95.047198,51.996276
453.995161,98.029859,56.036018
452.014923,100.006459,60.984196
450.992318,103.042536,65.918019
449.023353,105.980040,70.019832
446.994339,109.032394,75.010202
446.034155,112.012827,78.988285
442.963336,115.009728,83.988203
441.973557,118.018996,88.978682
438.973075,121.006678,92.991947
436.007303,124.021642,98.035106
435.017312,126.997157,103.033679
432.035492,131.079760,107.015366
429.987834,134.058119,112.064039
425.987565,136.972875,115.943940
423.962454,140.028008,120.972490
421.019068,142.982329,124.978192
417.989268,146.026901,129.974363
414.043449,149.052123,134.002255
411.987364,153.037422,139.037500
409.010985,156.011989,143.029210
404.966463,158.988831,147.983179
402.024059,162.043592,151.954864
398.005653,164.944596,155.990791
393.977016,167.013432,160.957371
390.987992,170.034960,165.000794
386.997149,172.954495,168.972854
383.029699,176.012497,173.016034
379.984762,177.945750,177.031211
375.975292,180.986750,181.019259
372.010899,183.001979,184.996603
368.012678,186.039816,188.960666
364.031491,187.934217,192.999764
359.980631,191.002788,196.977761
352.016221,194.978563,203.978354
348.988063,196.971111,207.978455
343.990952,199.021829,211.033130
341.027526,199.979463,214.005391
337.986442,202.023950,217.030655
333.029766,202.966585,220.015292
330.014525,204.004637,223.001531
327.004329,206.031710,225.994552
323.971493,206.998657,229.011027
321.048192,208.052934,231.043683
317.973307,207.979039,233.968590
315.950387,208.994814,235.988369
312.983681,209.990402,238.045696
309.994513,210.994000,240.021948
309.024025,211.000076,240.931223
305.989277,211.986577,242.975874
305.033630,212.008544,243.983897
304.032670,212.977791,245.982469
302.005713,214.051692,246.935374
301.035860,213.985158,248.033266
298.992628,215.030045,247.998916
298.986443,216.026157,248.972900
298.935796,215.964712,250.019433
298.024432,216.980619,250.014937
298.004294,218.001207,249.999931
297.029636,217.981774,250.025159
297.024140,219.015987,249.999812
296.969034,220.035915,249.934115
296.911534,220.993933,250.013752
297.010681,221.041476,248.955127
297.971073,221.949507,248.975854
297.995877,223.023030,247.985038
297.995379,223.969555,248.036887
298.989764,224.999256,247.000484
298.913300,224.999598,246.010825
298.992533,226.001974,246.037034
299.984820,227.042768,245.057187
299.988515,228.024410,243.972260
301.048456,229.002867,243.042042
301.997625,230.017870,241.997254
303.034555,230.984426,240.988227
302.990062,231.984604,239.955983
303.994293,232.054244,239.047867
305.017720,233.013186,238.989574
304.961082,233.961916,237.996834
306.026332,234.982024,237.021300
307.005606,236.014582,235.983739
308.068989,235.976268,234.954819
309.018942,237.015968,233.049102
309.982087,236.986917,231.978172
313.027804,238.000737,229.986624
314.022415,238.972948,228.937069
315.966791,239.016613,228.009228
315.996010,238.981890,227.026374
318.019214,238.950784,224.958823
320.043216,238.989576,224.050922
320.979828,238.997789,223.050632
323.047964,237.946863,221.926028
324.947134,237.977900,221.017060
326.937869,237.017272,218.936009
329.012430,236.994315,217.957881
330.969111,236.021891,217.064821
333.016229,234.968517,215.043328
336.042929,234.043933,214.062880
337.979879,233.022472,212.040492
340.054483,232.056641,210.989741
343.035971,230.989049,208.988071
345.010192,228.998686,206.995843
348.004356,227.966938,206.029023
349.982636,227.028014,203.955259
353.019551,225.004867,201.993005
354.986814,222.992833,200.983544
358.976647,220.951919,199.016254
360.972781,219.966847,197.020444
363.988581,217.991105,194.970991
366.959270,214.975684,193.015359
370.011097,212.977289,190.955277
371.971767,210.998655,189.032897
375.996907,209.016026,187.009226
378.025506,206.010350,184.995750
381.003086,203.958642,182.981087
383.983072,200.931305,181.054462
387.057523,197.990522,178.939635
390.023433,196.012607,177.085999
392.012910,193.119491,175.053966
396.077203,190.001338,172.960443
398.004843,186.977977,170.987187
401.050022,183.990686,169.028697
404.013298,180.957301,166.074239
406.985865,176.960688,163.997287
410.031078,174.003681,161.962408
413.015603,171.015364,159.059041
416.026749,166.999887,156.969133
418.964033,164.063295,154.040213
420.942925,161.006219,150.993188
424.977296,157.035113,148.017322
430.991816,150.058180,140.978693
433.019079,145.964286,138.001500
435.938138,141.984455,134.031612
439.028992,139.001640,131.029868
442.037021,135.033896,127.054652
443.994065,130.998307,122.992662
447.012367,127.021199,118.986908
449.055252,122.998363,115.014654
452.004222,118.973911,111.005139
453.994651,116.027667,106.998266
457.021183,112.002673,103.010089
459.009254,107.982296,97.964752
461.990978,103.985466,93.988193
462.931579,100.003449,88.957870
465.932669,95.984922,85.041707
467.958975,92.055771,79.992420
469.998731,87.967013,75.002820
472.026886,83.974207,70.953185
473.954621,79.992387,65.995292
474.964859,76.010746,61.015675
476.981564,72.006242,56.006645
478.987512,67.990770,51.024505
479.968342,64.011282,46.000727
480.954021,60.029302,40.955382
482.996785,56.009370,35.965443
484.065574,52.066676,31.009046
485.008809,48.019278,26.030112
486.003914,43.986777,21.009851
487.023860,39.965739,16.015340
487.995081,36.014588,11.012329
489.031050,33.006678,6.035079
489.997490,29.018285,0.018691
490.005061,25.011922,-3.994707
491.009165,21.031522,-9.036101
490.986793,16.972431,-13.961988
490.981750,13.022307,-19.003519
492.026915,8.980699,-23.981809
491.996985,5.988971,-28.992332
492.018529,1.988436,-34.001089
492.031975,-1.047510,-39.007626
491.967123,-4.961878,-44.043338
492.013320,-9.050121,-49.018576
491.994772,-13.005124,-54.016571
491.955878,-16.995341,-58.993687
491.984101,-20.980912,-64.008127
491.021277,-24.996569,-69.008183
491.049708,-29.031105,-74.030577
490.977211,-31.998274,-78.956073
490.976268,-36.030884,-84.007743
490.024324,-39.994250,-88.018770
489.000819,-43.982876,-93.033309
488.944503,-48.017257,-98.023431
488.025909,-51.005367,-102.972832
487.059529,-54.942849,-107.962429
485.985555,-59.018962,-112.017537
485.016163,-63.014988,-116.972084
484.965647,-65.991601,-121.940208
483.996866,-69.999779,-125.983353
481.007068,-77.029538,-136.005581
480.016286,-80.048269,-141.003398
478.996183,-83.970567,-144.991348
477.999576,-86.970402,-149.986152
476.975227,-90.083190,-153.985492
474.992097,-93.025957,-158.065585
474.020647,-96.010925,-162.987592
473.006811,-98.997512,-167.005119
470.935507,-102.002509,-170.967608
470.023813,-104.988523,-174.971501
469.011124,-108.029170,-178.971290
467.995960,-111.042175,-182.959061
465.972740,-113.962803,-187.037544
465.000416,-116.961586,-189.977670
463.012165,-119.000454,-194.027259
463.021924,-122.006760,-196.965847
460.942426,-124.979720,-199.983214
459.974157,-127.006498,-203.995380
457.971830,-129.993429,-207.067111
457.966897,-132.066225,-210.041830
456.000741,-134.976572,-212.988144
454.952891,-137.043648,-214.974618
453.018075,-139.000270,-217.989866
452.005063,-140.981554,-219.999852
451.044784,-143.007919,-223.006174
449.951717,-145.999592,-224.993044
449.011291,-147.991787,-226.981220
446.910756,-149.941260,-228.996481
446.929653,-151.026158,-230.986398
446.001825,-152.976939,-232.992212
445.000355,-155.005710,-233.994512
444.082290,-157.023856,-235.943869
441.956324,-158.987511,-236.969547
442.011352,-161.002717,-237.993212
440.968830,-161.974074,-239.003140
440.013293,-164.008721,-239.943270
440.033826,-164.998822,-240.974232
439.031290,-167.011532,-240.965157
437.950453,-168.014480,-242.011607
437.004045,-169.980037,-243.016567
437.003616,-171.006853,-242.988565
436.011454,-171.994649,-242.997816
436.000741,-173.020764,-243.018781
435.953850,-175.001410,-243.999339
435.041690,-175.972164,-244.034218
435.038940,-177.021940,-243.993120
434.995430,-177.015782,-243.957555
433.960526,-178.063780,-244.046325
434.017036,-178.978252,-243.988657
433.953364,-180.055264,-243.967608
432.997040,-179.979186,-244.008412
433.028423,-180.916414,-242.973254
432.980514,-181.987256,-243.030181
432.945305,-181.992271,-243.015997
432.989081,-182.034408,-243.030647
433.016471,-183.032257,-243.055720
432.054006,-183.024246,-243.004096
432.054858,-182.981272,-243.026169
431.968759,-184.010842,-242.987316
431.996889,-183.991568,-243.036853
432.003259,-184.024741,-242.990881
431.986369,-184.021693,-242.955685
432.009510,-184.018580,-243.030255
431.990906,-184.016396,-243.016212
431.997677,-184.053071,-243.009661
432.049725,-184.020387,-242.983192
431.972053,-184.037439,-243.027098
432.030843,-184.005368,-242.971970
432.040256,-184.072967,-242.976695
431.991538,-183.978613,-243.026327
431.970262,-184.000784,-243.004469
431.989525,-184.036982,-242.991919
431.964478,-184.009226,-243.034140
432.022561,-184.015377,-242.988708
431.960284,-183.959058,-243.009879
432.020935,-183.969270,-243.048115
431.981684,-184.004863,-243.020504
432.035823,-183.929195,-242.966255
431.987949,-184.015469,-242.974038
432.018709,-183.982583,-243.006611
431.952701,-183.966000,-243.001237
