434.000000,-210.000000,-300.000000
433.081273,-210.000000,-300.000000
434.082794,-210.000000,-300.000000
433.980697,-210.000000,-300.000000
434.005360,-210.000000,-300.000000
434.006596,-210.000000,-300.000000
433.999491,-210.000000,-300.000000
434.000540,-210.000000,-300.000000
434.000028,-210.000000,-300.000000
434.000030,-210.000000,-300.000000
433.999990,-210.000000,-300.000000
434.000000,-210.000000,-300.000000
433.999999,-210.000000,-300.000000
434.000000,-210.000000,-299.999966
434.000000,-210.000000,-299.999990
434.000000,-210.000000,-300.000002
434.000000,-210.000000,-300.000031
434.000008,-210.000000,-299.998388
434.000006,-210.000000,-299.998844
434.000000,-210.000000,-300.000033
434.023279,-210.000459,-299.122238
434.000773,-210.000015,-299.055515
434.728523,-210.007465,-298.018378
433.925262,-209.998526,-298.647944
433.999666,-209.999993,-300.064651
434.107550,-210.002065,-297.954712
433.999595,-209.999992,-300.078535
434.002018,-210.000040,-299.324597
433.921299,-209.998448,-298.623991
436.092676,-208.910338,-294.717672
436.035054,-209.096259,-293.611154
436.024474,-209.057510,-293.806850
435.987291,-209.012641,-295.023221
437.995429,-206.009558,-286.026456
436.044171,-208.963607,-294.114637
435.910736,-208.622138,-292.672996
441.010081,-203.990774,-279.982960
439.981066,-204.993556,-282.391285
438.061071,-206.688551,-287.303453
439.992185,-205.007018,-282.031351
441.915084,-201.632438,-275.266471
438.394913,-206.004545,-285.487253
436.025259,-209.082507,-293.186940
440.851850,-204.138835,-280.253279
438.018590,-206.401753,-286.790309
450.984858,-181.071079,-249.077559
442.049041,-202.884732,-277.764787
446.880652,-190.651974,-258.666360
444.964191,-197.071127,-266.109886
443.932287,-199.062334,-270.120926
442.852421,-200.131886,-272.265634
442.765850,-200.207098,-272.416647
444.875775,-197.298857,-266.477758
441.651664,-203.422791,-278.872615
449.954823,-183.103598,-251.101966
447.186333,-189.478119,-257.472351
454.749422,-162.628989,-234.583542
455.971768,-157.767054,-229.519393
456.031459,-159.055378,-230.265398
456.592126,-154.930605,-226.946438
452.960617,-171.145116,-240.112611
458.977793,-139.050552,-214.043467
458.008448,-145.644094,-219.579770
446.303419,-195.119664,-263.395280
455.891240,-160.409847,-231.506636
450.952705,-179.917457,-247.811771
456.000132,-156.998718,-228.999008
451.020016,-180.588573,-248.538867
457.944210,-142.538727,-217.407959
459.939544,-133.546763,-209.609035
459.935299,-133.884159,-209.979830
448.870209,-186.348082,-254.349807
459.790608,-137.021026,-212.678685
462.991228,-114.838310,-192.866627
464.104429,-98.555911,-179.000044
463.068898,-102.716614,-182.748119
459.031382,-138.928730,-213.940038
461.547549,-125.382093,-202.505388
461.043194,-129.544761,-205.666916
457.993442,-147.691732,-221.708459
461.042215,-126.789057,-203.831350
465.000757,-75.211194,-159.146172
463.007917,-115.123593,-193.107131
453.428611,-166.423984,-236.911392
458.498631,-140.204883,-215.189307
458.538535,-140.100914,-215.078266
463.027036,-107.196007,-186.056395
462.775073,-118.733569,-196.552508
465.000000,-52.710422,-139.699002
463.006316,-108.570380,-187.519367
463.081583,-117.513669,-195.555526
464.999859,-67.440669,-153.027320
465.000000,-42.271388,-131.504135
465.000506,-70.501751,-155.442972
465.000000,-21.476097,-114.516615
465.000000,-23.046516,-116.033019
465.000001,-58.302450,-144.272635
463.974898,-96.438921,-177.538256
464.999863,-67.355732,-152.979501
462.998172,-105.967610,-184.975589
465.000000,-22.410061,-115.513934
464.023224,-99.883020,-179.902813
464.999965,-10.635545,-104.704975
465.000000,-53.613037,-140.659995
465.978271,22.222349,-66.724760
465.000000,-21.279120,-114.299484
465.000000,-17.982380,-110.981516
465.000000,-23.546483,-116.359568
465.006494,-78.168781,-161.388897
463.968821,-96.182865,-177.306014
467.011225,27.913551,-58.182086
465.000000,-27.364510,-119.335486
466.000451,21.994637,-67.006336
464.999999,-17.625028,-110.598676
465.000000,-51.621278,-138.671233
466.000837,12.049192,-79.952539
467.010881,35.383986,-45.412810
466.002190,13.740770,-77.394691
464.999546,-5.356895,-98.828714
465.000964,-3.265345,-96.469738
465.000000,-40.850590,-130.675953
464.999994,-61.835977,-147.565700
467.699704,46.674095,-25.700423
464.962660,4.822249,-87.172100
466.002507,17.106159,-73.479663
465.001985,-2.303656,-95.941877
465.000000,-22.436616,-115.538774
466.007849,12.851684,-78.918773
466.021562,60.870183,-1.167586
466.938109,49.341436,-20.849372
464.110317,67.778370,8.682943
466.973321,28.502620,-56.488028
466.001684,16.566012,-74.287162
465.000638,-1.123496,-95.138781
465.000000,-42.865153,-131.898551
465.005537,0.121596,-91.751089
465.000000,-40.864904,-130.685056
466.917067,49.136605,-21.130859
465.910522,22.853335,-65.834001
430.300484,133.701293,111.506691
467.079874,55.635275,-10.972040
463.001346,75.993505,21.989591
468.109160,40.505989,-35.813640
436.110921,123.815181,97.653148
383.759422,175.447747,172.141613
466.990232,54.901530,-12.184679
455.473567,94.166685,51.005562
466.975590,48.075126,-22.857365
466.973869,54.678130,-12.631561
446.373687,111.352538,78.118627
465.918217,22.767786,-65.962490
466.016217,7.044908,-84.931954
453.745792,98.332862,56.690813
458.651718,86.879278,40.214388
446.130432,111.810113,78.733123
466.987013,28.735050,-55.688553
409.603236,155.549590,142.318990
466.019031,8.747462,-82.258690
464.891766,66.354922,6.655111
466.007437,13.078377,-78.544543
391.553236,169.448109,164.339309
456.564694,92.665486,49.013923
363.745536,188.174647,193.276246
462.602116,76.988581,23.930607
462.996925,72.970018,17.954529
463.101207,74.808486,20.353736
330.655579,203.630434,222.244638
451.616723,100.848131,62.683061
457.921168,89.314098,43.474618
383.942790,175.310195,171.946910
461.475412,79.381818,27.920012
432.006909,130.989899,106.987345
446.442139,111.184015,77.899901
348.168491,197.413196,208.610952
393.268662,167.609504,162.025163
464.849790,66.449494,6.809674
297.022212,219.487840,249.971853
442.337592,117.001076,87.456579
439.269510,120.779411,92.690769
399.084461,164.344234,154.883835
463.513839,69.193394,10.833283
464.999962,-9.296591,-103.320711
298.790336,215.381468,248.173814
300.794560,214.052066,248.034838
468.003603,41.964129,-33.060917
442.428690,116.545526,86.700661
467.084420,56.648212,-9.536030
417.123460,146.611434,130.925905
302.950836,213.628383,246.582306
300.628764,214.103731,248.044178
343.590274,199.122046,211.282284
350.130406,196.212332,206.525505
371.176918,183.577429,185.833903
298.024473,217.725688,249.984066
300.639325,214.100235,248.043915
305.357594,212.053928,243.419391
309.925313,211.013673,240.061734
348.460185,197.276018,208.415657
310.300665,210.921690,239.772137
393.031260,167.842273,162.359450
301.897088,229.908755,242.095409
297.016710,221.010026,248.989146
310.600099,210.827492,239.560550
315.987523,238.983027,227.459944
302.414011,230.328315,241.646830
372.640712,182.628688,184.348303
302.393742,230.312385,241.663951
399.892324,163.777784,154.098505
376.042795,180.974322,180.958995
301.203194,213.970268,247.914031
343.886007,199.034814,211.075774
395.208736,166.304479,159.366279
296.917033,221.018700,249.583540
446.802766,109.709316,76.006609
335.219482,202.678086,218.646072
298.781283,215.603677,248.355136
297.103054,221.068534,248.961610
301.590514,229.601690,242.406014
308.781274,211.064139,241.163908
297.960112,217.216327,249.985601
327.333090,236.944180,218.745724
338.860275,201.583792,216.350095
332.091643,203.160866,220.725457
298.777399,215.566597,248.320088
298.793218,215.667865,248.421204
300.235460,228.343373,243.664398
330.782604,236.141181,217.186819
394.092542,166.935302,160.871870
365.182702,216.814369,194.215358
332.547528,235.174961,215.310497
320.484724,239.108454,223.534291
316.296186,208.839536,235.759616
336.050896,233.980888,213.970819
329.981217,236.632458,217.654599
297.962892,217.179474,249.987380
298.884941,225.705298,246.038637
431.403216,131.993300,108.450300
340.943986,231.751769,210.500610
297.958570,217.272526,249.983370
309.428789,210.945405,240.615369
297.971773,217.450693,249.979873
317.679033,239.006169,225.222174
300.242448,214.247975,248.034378
314.000973,239.000293,228.999439
296.967003,221.035794,249.853444
304.981970,233.948577,238.066567
359.385480,220.826018,198.713271
369.793602,213.167347,191.179838
322.672958,238.096131,222.128040
460.588832,82.363828,32.054488
300.175800,228.278970,243.728642
297.072254,221.046664,248.967516
355.586265,222.637533,200.741548
316.138861,239.005973,226.737710
309.253646,237.042366,232.538256
326.088106,237.448354,219.906586
375.637104,181.207237,181.349951
297.004546,217.997449,249.999972
297.501525,217.987524,250.002913
415.416608,167.709515,157.394454
381.988495,203.185421,182.370590
480.174651,63.016791,44.770876
323.799814,207.071148,229.154089
401.424215,183.626134,168.632558
410.600077,173.467428,161.423392
320.236953,239.049378,223.812185
302.984194,231.757436,240.378321
454.069714,115.907280,106.895992
304.961840,233.808928,238.252247
431.631133,149.014076,140.145406
476.628878,72.646639,56.810632
422.546683,159.398711,149.932842
486.840237,40.650528,16.794999
470.754021,86.469394,73.457439
441.553403,135.742768,127.746016
325.480391,206.570944,227.604543
332.534939,235.180159,215.320937
490.965501,16.605138,-14.496100
425.285656,156.704656,147.722670
303.820780,231.969246,239.067741
351.762596,225.913062,202.725265
456.638469,112.572927,103.617752
303.164879,232.032505,239.654647
487.095007,-54.567951,-107.533910
299.994909,227.604387,244.368417
486.672413,41.324831,17.630207
474.531766,77.873995,63.317188
297.018829,219.558117,249.969780
491.761263,9.995657,-22.621342
407.949749,175.927955,163.467897
299.153027,215.977809,249.752601
364.686011,217.339553,194.551676
492.083999,-20.250326,-63.056111
328.933474,237.009154,218.021169
448.697936,123.536195,115.517448
489.941411,29.523862,0.655474
314.011622,239.003429,228.993342
380.889198,204.076501,183.068063
454.698584,-137.339537,-215.507545
359.798173,220.633524,198.337165
488.989554,-44.148830,-93.183625
452.854600,-139.190979,-218.216556
364.733522,217.290552,194.519827
325.976555,237.517018,220.027147
296.957997,218.771454,250.006019
491.489027,10.957577,-21.423320
429.259520,152.255137,143.218441
381.633098,203.504607,182.601325
297.025364,219.365687,249.978135
357.676676,221.592867,199.761353
490.989441,16.880474,-14.149807
431.996258,-182.986022,-243.000005
488.770267,33.649970,7.136011
398.059670,186.916694,170.950256
491.984681,-14.061883,-55.326079
444.903241,129.754638,121.760442
489.518696,31.409179,3.377337
474.894739,-93.194850,-158.309367
462.442612,102.432055,92.074370
344.265760,229.672291,207.565006
458.073235,-131.384420,-209.085849
434.854988,143.320204,135.399336
491.033321,20.797352,-9.261637
474.022382,-95.898148,-162.842096
480.204111,62.858318,44.572779
472.183741,83.662038,70.622600
490.252749,-39.231187,-87.179307
372.050139,210.970927,188.968704
484.020157,51.903992,30.879916
419.147251,163.815177,153.782297
421.241182,160.714762,150.795734
418.181134,164.862020,155.028050
461.332054,-124.572412,-199.387732
477.027823,71.951420,55.939133
489.037385,-47.253924,-96.972849
444.067315,130.896503,122.896947
414.854138,168.460447,157.742174
491.006768,-30.545187,-76.551889
442.789507,133.386746,125.382778
447.541009,126.020557,118.005079
461.845254,104.300934,94.329415
416.859055,166.102675,156.321907
492.000283,-0.919672,-38.878007
437.101198,-169.654157,-242.891701
473.875391,-96.557585,-163.823957
478.640944,-85.111863,-146.613790
450.749646,120.587078,112.702164
491.010320,-30.351813,-76.211320
457.963460,-130.117281,-207.134912
328.565165,237.022384,218.143339
439.953195,-165.154794,-241.026449
474.398946,-94.412855,-160.360962
398.701572,186.144724,170.500688
461.919644,-123.856312,-198.585942
492.101939,7.625469,-26.322352
480.170344,-79.247442,-139.967353
462.945250,-119.941901,-195.205748
484.082525,51.616046,30.519733
437.589976,140.409031,132.380998
437.892628,-168.145385,-242.119748
431.978904,-182.938382,-243.000029
491.979069,-14.447449,-55.808302
447.029382,-149.960096,-228.946351
469.930847,-105.227626,-175.304163
442.898609,-157.973311,-236.606824
487.986012,-51.040369,-103.061666
437.116760,-169.611557,-242.876464
492.093750,8.253117,-25.209621
492.006142,1.321619,-35.032548
434.877758,-176.366382,-243.971410
442.319547,134.393638,126.391564
433.000713,-182.096071,-243.025701
480.333227,-78.683745,-138.969793
465.201240,-116.652591,-189.541693
432.000000,-184.000000,-243.000000
447.892914,-149.079891,-228.021209
431.937965,-182.881141,-243.000086
432.003434,-183.952773,-242.999995
488.878665,-48.662896,-99.030264
467.786975,-111.346086,-183.493944
459.989107,-127.017085,-204.024143
450.992828,-143.017203,-223.017322
433.016905,-182.980409,-243.000096
432.000000,-184.000000,-243.000000
439.386218,-166.385694,-240.977999
432.000000,-184.000000,-243.000000
436.885443,141.090095,133.060705
492.003534,-9.944731,-50.189738
434.028571,-179.098127,-243.995552
409.296901,174.627326,162.580735
455.428444,-136.203795,-214.060294
451.463900,-142.034065,-221.704163
432.000000,-184.000000,-243.000000
432.000000,-184.000000,-243.000000
432.000000,-184.000000,-243.000000
432.000000,-184.000000,-243.000000
488.633172,-49.414547,-100.319642
439.812299,-165.520392,-241.035660
432.000000,-183.999999,-243.000000
432.000000,-184.000000,-243.000000
434.021586,-179.073523,-243.996728
432.000000,-184.000000,-243.000000
432.000000,-184.000000,-243.000000
432.000000,-184.000000,-243.000000
491.134757,19.073290,-11.431394
449.025275,-147.971821,-226.970823
432.000000,-184.000000,-243.000000
441.863521,-159.590416,-237.235528
478.071602,70.053281,53.564683
488.413433,34.670484,8.919152
432.000000,-184.000000,-243.000000
488.498936,34.420485,8.490103
460.349962,-126.340915,-202.845493
433.102841,-182.734223,-243.001219
432.000000,-184.000000,-243.000000
491.071556,-34.466381,-82.290953
444.608170,-156.064154,-235.048465
467.036261,-112.379712,-184.974595
436.973434,-170.193473,-243.043821
431.999453,-184.007465,-243.000001
432.000000,-184.000000,-243.000000
432.000000,-184.000000,-243.000000
446.357514,-152.393234,-232.559589
432.000002,-183.999974,-243.000000
463.084494,-121.212881,-196.369207
432.000000,-184.000000,-243.000000
457.173551,-133.374962,-211.521391
432.000000,-184.000000,-243.000000
432.000000,-184.000000,-243.000000
432.000000,-184.000000,-243.000000
449.883931,-146.383760,-225.295491
