472.000000,-175.000000,-248.000000
471.966777,-175.000000,-247.001092
472.927521,-175.000000,-247.041860
472.975376,-175.000000,-245.636474
473.006497,-175.000000,-244.606779
473.003311,-175.000000,-244.150747
472.998234,-175.000000,-243.994406
472.998612,-175.000000,-244.045155
472.999898,-175.000000,-242.938418
473.000002,-175.000000,-240.985123
473.000034,-175.000000,-242.726439
472.999993,-175.000000,-241.220242
473.000000,-175.000000,-239.699698
473.000000,-175.000000,-239.118987
473.000000,-175.000000,-240.212071
473.000000,-175.000000,-239.025576
473.000000,-175.000000,-238.948346
473.000000,-175.000000,-237.883188
473.000000,-175.000000,-236.997279
473.000000,-175.000000,-237.042173
473.000000,-175.000000,-238.130741
473.000000,-175.000000,-237.001335
473.000000,-175.000000,-236.999716
473.000000,-175.000000,-237.001815
473.000000,-175.000000,-237.008048
473.000000,-175.000000,-236.992406
473.000000,-175.000000,-236.997492
473.000000,-175.000000,-237.064208
473.000000,-175.000000,-236.994303
473.000000,-175.000000,-237.025942
473.000000,-175.000000,-237.998209
473.000000,-175.000000,-237.999953
473.000000,-175.000000,-237.001502
473.000000,-175.000000,-237.997990
473.000000,-175.000000,-238.000453
473.000000,-175.000000,-238.000000
473.000000,-175.000000,-238.107355
473.000000,-175.000000,-238.000475
473.000000,-175.000000,-237.999987
473.000000,-175.000000,-237.999887
473.000149,-174.999988,-238.000556
473.001954,-174.999849,-238.007295
473.000000,-175.000000,-238.000026
472.996547,-175.000267,-237.987108
473.012551,-174.999029,-238.046859
474.003509,-174.051571,-236.976366
473.000000,-175.000000,-237.999856
472.902490,-175.007542,-237.527912
472.995920,-175.000316,-237.984754
472.999765,-175.000018,-237.999123
476.028518,-167.666823,-231.615505
474.000145,-172.971917,-236.648572
472.893693,-175.008223,-237.302299
474.025358,-171.209682,-235.181736
474.023844,-171.593228,-235.546580
474.000449,-172.900889,-235.922086
472.985553,-175.001117,-237.015650
473.982789,-170.959790,-234.970525
474.025547,-171.214184,-235.185826
476.967708,-166.010931,-230.101054
476.802180,-166.160431,-231.033377
474.027253,-171.468222,-235.424059
480.541829,-156.501663,-221.368614
476.949518,-166.041739,-231.022800
475.555336,-168.573831,-232.483135
474.019530,-171.119295,-235.100860
474.007663,-171.902493,-235.874594
477.975033,-163.743731,-228.398866
476.706123,-166.239065,-231.025672
480.951711,-154.506752,-220.386546
482.178676,-150.281730,-216.764969
484.957160,-144.110224,-211.083006
480.963836,-154.165990,-220.155151
480.023484,-156.956579,-221.949335
480.951618,-154.504134,-220.385051
476.968407,-166.026341,-231.016711
480.991484,-154.028396,-220.029664
484.928651,-141.443813,-208.663466
479.860549,-157.706696,-222.745087
484.991126,-140.036192,-208.023576
491.042226,-117.801301,-186.820019
479.955105,-160.046648,-225.048156
486.125369,-137.806205,-205.791883
493.573197,-109.754160,-177.144496
491.130226,-122.275202,-190.800083
490.956976,-120.578039,-188.643645
489.958596,-125.674676,-194.717116
485.770787,-138.361657,-206.401218
491.122736,-122.451822,-191.110771
484.050123,-145.822671,-211.900651
492.980224,-111.156315,-179.143652
487.447773,-132.902788,-200.929389
497.403438,-92.015728,-155.791778
492.999159,-111.005373,-179.005236
485.043173,-142.284005,-209.241223
485.106049,-143.557935,-210.594687
491.100464,-121.798568,-190.002784
491.399709,-116.872994,-185.637960
484.959307,-141.709874,-208.804950
481.982634,-151.446229,-217.135341
502.044682,-54.725790,-109.846846
502.028585,-56.860972,-112.806472
496.260591,-94.879177,-158.996303
495.996979,-99.989143,-165.045519
495.084248,-105.818912,-172.772059
488.795618,-130.467058,-198.380840
502.028110,-54.488506,-109.558012
494.282829,-108.236662,-175.171321
495.995277,-98.883265,-162.822438
494.208229,15.129911,-29.833888
499.955419,-17.495817,-67.422157
492.961024,-111.611415,-179.490284
493.086095,-110.646278,-178.599251
500.898300,-31.525419,-82.381369
500.939091,-60.355108,-117.524448
500.131187,-72.169646,-130.999827
496.027835,7.604754,-38.458891
502.005352,-44.981093,-98.991089
492.677517,21.403257,-23.684193
500.944752,-62.030677,-119.939642
495.789964,-104.617804,-170.841228
498.674303,-86.194762,-148.221674
500.913265,-60.610259,-117.909922
496.060641,3.436888,-42.491653
501.010596,-63.943313,-121.766288
483.924725,54.420503,8.464645
500.548310,-71.011246,-129.504814
488.828401,37.389555,-7.597583
502.003903,-43.432341,-97.476848
499.973031,-17.744668,-67.709710
480.461875,65.229546,18.635713
495.754530,9.393012,-36.264555
479.492283,68.127326,22.329972
498.782330,-10.432954,-58.358903
500.970122,-32.810945,-83.756986
487.950537,41.304079,-3.685228
479.136093,68.797043,23.031086
498.759976,-10.370857,-58.290972
488.288922,39.275206,-5.721695
499.908175,-79.597834,-139.726364
497.993987,-90.047915,-153.073286
487.287541,44.154860,-0.766464
469.586351,91.587385,44.413013
495.035937,11.876782,-33.142453
478.097557,70.787903,24.826631
432.959620,152.594942,107.695889
427.858557,159.215085,114.207058
496.963850,0.092168,-45.874057
491.574177,25.266601,-19.354617
449.158245,128.162595,81.431104
453.628271,120.629698,73.787234
443.566461,136.885923,90.851878
375.020668,210.006612,170.875371
454.722410,119.316970,72.377423
381.067974,204.957139,165.947646
471.901688,87.510658,39.284797
454.641166,119.410696,72.485786
410.346541,178.756537,136.462313
454.702987,119.339335,72.403409
436.336249,146.606618,100.553768
417.948869,170.062691,126.072648
422.621664,164.723625,120.359566
475.288266,77.334766,30.302417
455.411458,118.536674,71.417290
432.130341,153.643682,108.709072
441.124647,140.935641,94.969349
502.016715,-54.310451,-109.348954
376.158271,208.814428,169.740035
432.884397,152.694584,107.794402
447.622097,130.097016,83.910422
451.048269,124.983907,77.850367
358.860855,221.799929,184.978488
423.294850,164.273428,119.714039
397.911445,190.075186,149.066049
382.150415,204.297536,165.054569
482.752102,58.642908,12.510041
391.912351,196.211609,154.906351
367.530455,215.607714,177.563124
294.048219,260.757819,226.899763
419.134274,168.398806,124.368392
323.427943,243.605745,211.640118
290.976869,263.225985,228.007011
374.639227,210.399394,171.287487
343.937285,232.036384,197.040624
309.123412,251.358939,220.214934
458.624755,113.420357,65.592530
291.042074,264.916794,226.917559
340.841281,234.073373,200.148632
451.767654,123.435197,76.395263
349.296259,228.749510,192.929169
304.027911,254.976779,222.970506
290.029693,265.138044,227.999849
304.510009,254.464248,222.326007
464.561386,101.084404,52.933851
359.474649,221.376631,184.430424
322.254693,244.832569,212.805532
375.316353,209.694607,170.565753
349.064550,229.030494,193.378406
392.957522,195.149764,153.360144
381.662698,204.591270,165.473341
315.193509,248.887923,216.900753
294.051926,259.965121,227.054316
301.537226,260.010091,226.497917
335.341456,236.752328,203.764094
298.113410,257.793584,225.882357
291.036256,264.937871,226.938349
304.914206,254.072416,222.034587
297.843079,258.237334,226.023601
316.934157,252.504334,223.871041
310.667771,255.635088,224.874355
423.351102,164.235888,119.660026
328.594828,241.172468,208.277684
325.921987,242.032884,210.047825
290.002309,265.979044,227.997951
307.148621,252.516130,221.418165
429.291489,157.165028,112.170284
290.001144,265.081445,227.999967
289.993684,266.008501,228.005859
315.225655,248.868278,216.882908
324.924539,248.020069,223.009395
322.631793,244.391385,212.371416
303.765556,255.172571,223.203721
289.982552,264.013081,228.000083
303.340735,259.389640,225.927046
293.065134,261.935662,227.960722
290.030088,265.970278,227.972033
305.583948,257.212885,225.967498
289.987583,266.011705,228.011544
304.223697,258.847710,226.020550
291.249613,262.947309,227.979723
301.588811,260.022137,226.414125
347.741686,230.153662,195.202801
294.708758,263.185314,226.999852
314.506129,253.749251,224.778630
298.970190,261.575496,226.971782
293.989649,264.015022,227.000172
289.978452,266.020277,228.020034
375.315066,218.281185,200.434778
347.222978,235.061090,215.165708
474.357869,126.153345,96.604069
376.977953,217.578209,199.474134
346.998847,235.235720,215.336095
290.002256,265.972124,227.998036
289.999711,266.038676,228.000070
292.063182,264.981191,226.993687
326.507921,247.323312,222.263859
295.695807,263.029228,227.000562
334.648655,243.177110,220.027905
402.590426,199.416915,182.560732
356.684591,230.518777,211.489856
384.013710,212.986393,194.988854
342.522578,238.478839,217.197891
401.233829,200.700471,183.447908
290.978592,265.028463,227.028337
316.774086,252.588387,223.870635
385.700084,211.127601,193.723773
516.691126,29.294534,-21.432173
325.844196,247.699854,222.691266
290.002935,265.019729,227.999983
299.985324,260.331413,227.103997
395.677965,204.056258,186.530855
299.089649,256.959094,224.952102
493.915027,93.904753,57.540458
496.290667,89.992768,52.997752
349.320436,233.889068,213.860472
393.096182,205.857790,188.969711
339.910991,240.401158,218.382091
387.829810,209.544067,192.621737
321.622374,249.272574,223.099677
291.981106,264.977235,226.997835
321.685414,249.221898,223.078556
472.430280,128.768173,99.971393
512.380526,49.877235,3.570920
324.117324,248.218360,223.018281
324.422086,248.144297,223.028284
519.945597,6.691255,-49.250775
441.661132,166.302012,144.339406
325.239674,247.930970,222.952297
387.308688,209.813572,192.855381
305.576229,257.219313,225.967251
403.877582,198.078638,181.284821
493.226398,94.708390,58.614918
391.473587,207.618025,190.634630
293.446270,261.611963,227.648290
464.687455,139.082446,112.024040
364.715506,225.099909,207.244618
477.426422,122.228990,92.216406
406.701811,195.636100,178.158005
387.576249,209.669630,192.734344
435.933904,171.778553,150.875054
308.388285,256.897097,225.850859
504.487907,69.942205,28.395164
346.074219,235.947018,215.959203
458.175363,147.759758,121.748221
505.117910,68.767152,26.679754
484.209348,111.665785,79.581315
436.768753,170.532405,149.672095
484.368413,111.391378,79.236184
330.083080,244.945506,220.962247
516.366016,30.951180,-19.443596
518.405734,16.217898,-36.684670
306.468124,256.964923,226.058929
289.896874,264.186404,228.000494
502.981098,73.061537,33.075738
505.357463,68.272416,26.026825
469.166381,133.108961,105.442822
500.244882,81.693830,42.531504
329.869006,245.086206,221.055390
326.631253,247.243768,222.190231
521.827540,-22.983131,-84.277450
521.124650,-1.670215,-59.428618
486.968596,-176.168472,-202.014120
513.004907,-87.622095,-153.770349
440.974892,166.831113,145.000417
521.138751,-34.138243,-96.701528
512.973630,-89.436615,-155.457100
432.992112,174.705683,153.602016
491.739830,97.214182,61.797742
484.000000,-189.000003,-200.000000
446.137544,160.722639,137.925388
326.899115,247.067162,222.047428
473.814537,126.891303,97.561992
378.739717,216.716743,198.661748
496.541859,-142.229748,-197.535238
519.041939,-54.363791,-118.311779
520.866303,-29.454642,-91.425662
508.390716,58.823270,14.566036
514.302078,40.752965,-7.545441
485.007187,-186.053320,-200.006270
459.959203,145.373106,119.434406
484.016997,-188.094360,-199.999673
485.003441,-186.026302,-200.003205
520.299872,-39.229158,-102.204534
488.097189,-171.627201,-201.999153
393.316547,205.622297,188.724015
491.831139,-157.470913,-202.055701
517.585454,-65.606436,-131.081051
520.946962,-3.631800,-62.821794
501.695788,-129.133752,-190.161003
455.519607,151.366333,126.116549
519.647833,11.938476,-41.949420
474.093757,126.511338,97.067262
520.909705,-7.077023,-66.101765
501.985317,-127.386080,-189.267337
486.826445,-178.303522,-201.811371
492.577013,-155.304934,-201.515041
497.325012,-140.173727,-196.463599
484.000000,-189.000000,-200.000000
501.854801,-125.245662,-187.220634
405.534239,196.545046,179.401903
492.341912,-156.011812,-201.763124
521.649152,-11.092278,-70.681178
484.982056,-182.933176,-201.002177
504.450835,70.007562,28.497131
484.000001,-188.999854,-200.000000
491.386781,-158.717637,-202.075609
488.966724,-169.241245,-201.998595
508.443045,-103.424096,-169.709430
516.303232,31.296544,-19.030724
505.331650,-114.557286,-179.842725
499.076477,-133.840683,-192.904821
483.914388,-187.141715,-200.001648
476.313055,123.609383,93.582381
491.045194,-164.531282,-202.002096
484.000000,-189.000000,-200.000000
484.000000,-189.000000,-200.000000
484.000000,-189.000000,-200.000000
521.615954,-23.935015,-85.475152
485.006734,-185.034025,-200.735761
500.773352,-131.393575,-191.219585
521.100163,-33.233360,-95.508164
484.000000,-189.000000,-200.000000
484.000000,-189.000000,-200.000000
484.000000,-189.000000,-200.000000
508.362603,-103.731632,-169.927130
513.071092,-83.406758,-150.485727
485.028250,-183.209088,-200.987582
519.060096,-49.494772,-113.523384
491.207413,-159.258441,-202.048438
484.000000,-189.000000,-200.000000
521.129757,-1.003984,-57.879125
484.983345,-185.160488,-199.898573
483.949736,-187.782882,-200.000967
484.000000,-189.000000,-200.000000
497.178031,-140.550038,-196.721803
484.000000,-189.000003,-200.000000
484.000000,-189.000000,-200.000000
484.000000,-189.000000,-200.000000
485.731002,-180.631559,-201.027081
520.010926,9.803581,-45.288811
484.000000,-189.000000,-200.000000
484.000000,-189.000000,-200.000000
485.017193,-183.690342,-200.974318
498.343845,-136.278438,-194.133376
504.698340,-117.610156,-182.332662
520.875645,-29.942561,-91.894323
484.000000,-189.000000,-200.000000
484.000000,-188.999999,-200.000000
483.999999,-189.000153,-200.000000
484.000000,-189.000000,-200.000000
484.000000,-189.000000,-200.000000
484.000000,-189.000000,-200.000000
