531.985599,-107.018480,-235.015132
532.026184,-106.960461,-234.945809
531.999253,-106.958497,-235.008631
532.004653,-107.004478,-234.988869
531.999226,-106.968274,-235.041371
531.932116,-107.034856,-235.024233
531.944524,-106.993933,-234.970626
531.995498,-106.989587,-235.010491
531.966111,-106.998262,-234.988645
532.005983,-106.990659,-234.970770
531.985666,-106.998207,-234.970065
531.998045,-106.975689,-234.997958
532.034793,-107.028663,-235.015489
532.058569,-106.970041,-233.960350
532.026561,-107.016052,-234.034209
532.005881,-107.013574,-234.069174
532.039298,-107.029718,-233.967245
532.007952,-106.991050,-234.015650
531.930112,-106.997857,-232.989117
532.980888,-107.059238,-233.005017
533.011509,-106.986525,-231.992569
532.994759,-107.039216,-231.989164
532.945563,-105.979578,-230.967796
532.972612,-105.996898,-230.029005
533.979452,-104.978010,-229.015705
534.028201,-104.035781,-228.002926
533.980355,-103.004833,-226.038864
533.969528,-101.988222,-224.972003
535.042112,-101.020108,-222.957965
534.982760,-99.933083,-221.030730
535.947362,-97.954165,-220.011959
535.974119,-95.947679,-217.930360
536.961045,-94.955130,-215.014019
538.049997,-91.978899,-212.983350
539.035230,-89.991321,-210.025506
538.980967,-87.988914,-207.957618
540.048065,-85.008402,-205.012849
539.990790,-81.977705,-201.993844
541.029972,-78.013276,-197.976929
542.024259,-74.974478,-194.995349
543.025010,-71.988804,-191.042162
543.957584,-68.010961,-186.986926
543.913277,-64.000154,-183.022371
545.037797,-60.052842,-178.982766
545.014029,-56.026516,-175.012048
546.006630,-51.023483,-169.996070
546.989560,-47.008796,-164.931584
547.026505,-41.963031,-159.987718
548.030592,-36.994559,-155.018591
548.012912,-32.009709,-148.948427
549.035017,-27.025891,-144.019369
548.952164,-22.013817,-137.984977
548.969980,-16.031194,-132.008691
548.990274,-11.032985,-127.031574
550.012585,-5.000177,-121.078892
549.013164,0.029956,-115.018068
548.998482,4.974950,-109.089878
548.987318,11.007985,-102.992950
548.012680,15.980382,-97.043119
547.991166,22.046494,-91.004098
546.994523,27.983330,-84.980744
546.004993,33.996251,-78.915417
544.990833,38.990831,-72.999199
544.053915,45.029112,-66.024214
543.000943,50.987908,-60.019231
542.000108,56.038461,-54.973599
540.000915,60.998027,-48.996147
538.975776,67.023559,-43.008425
537.952806,72.015134,-36.971707
536.041811,76.932986,-31.983841
533.989715,82.041569,-25.984506
532.963088,86.979487,-21.024298
529.993353,91.054561,-15.013259
529.033368,96.019858,-10.009239
526.993836,101.024728,-5.971486
524.059049,104.998381,-1.060281
522.971430,110.079834,2.972789
520.041589,114.009357,8.005420
517.999257,117.987899,12.016108
516.030169,122.050702,16.987109
513.008383,125.995534,20.971728
511.001534,130.000408,24.965683
509.017384,132.974028,29.974658
506.970787,136.025881,34.059650
504.004659,139.997288,37.989921
502.032267,141.998543,40.965748
498.933975,145.013440,45.035703
496.952180,148.012707,48.978431
495.028332,149.999879,52.003564
490.000994,155.009158,57.970354
486.999921,156.964490,60.943458
484.987668,159.011424,64.028530
483.022161,160.978972,66.947777
480.000328,162.001900,69.008246
478.953258,162.986392,71.980142
475.990349,164.991176,74.033969
474.002012,166.017681,75.985690
472.973413,167.029097,78.967628
470.019037,167.005639,80.993532
469.033680,167.970463,82.995494
467.018028,168.013841,84.996772
464.997797,169.035253,87.062790
463.035317,169.046924,89.008430
461.996766,168.932572,91.007118
459.992401,169.045382,92.970220
458.991419,168.004104,94.939925
458.009886,168.014408,96.056452
456.026401,167.998953,98.012002
455.013062,168.043495,99.012409
453.989543,166.928525,101.038853
452.014130,167.036163,102.002617
451.984096,166.013944,103.018676
450.964499,165.046183,103.978563
450.063397,164.968975,104.996680
449.034807,163.974113,106.011727
449.000485,163.969186,106.033530
448.021825,163.024719,105.975647
448.016079,162.963282,106.987519
447.979528,161.906434,107.049988
447.001696,160.967823,107.010281
447.994590,160.943203,106.000021
447.957020,160.014256,106.032821
448.003165,159.026201,104.994784
448.980015,157.978258,104.008686
448.996133,157.003802,104.026575
450.000660,156.990703,101.960921
451.060374,154.997607,100.971986
452.045517,154.040742,100.024492
451.982678,152.941715,97.968116
453.961478,152.010588,95.984477
455.095663,149.971491,93.924293
456.967857,147.980248,91.057758
460.001337,144.976496,85.989119
461.961603,143.011514,83.001102
463.022691,140.997319,80.020330
464.996374,137.976544,77.012951
466.956261,135.977015,72.989699
468.992869,133.027068,69.027638
471.028350,130.995631,64.963357
473.927326,128.037165,61.030484
474.998025,124.987012,57.020131
477.955777,122.020550,53.000736
479.962074,117.969740,47.973133
482.002034,115.010034,44.016550
484.954252,110.976764,38.981641
485.984871,107.985710,34.949710
489.021361,104.007685,29.980755
490.956884,100.003253,24.990871
492.978170,94.986551,19.957078
496.006131,91.001753,14.999129
496.981135,86.987677,9.967444
500.026951,82.015895,5.001740
501.986451,77.008064,-0.022909
504.067256,72.006475,-5.015823
505.971162,67.004974,-9.962145
507.042255,61.944793,-15.011086
509.012347,57.033494,-19.974123
511.034182,51.977226,-24.996885
512.962493,45.981808,-31.008673
513.969981,40.986463,-35.977548
515.958844,34.977299,-41.031305
517.998238,29.926355,-45.983434
517.985671,24.039874,-50.997565
520.022306,18.996119,-56.004732
521.002073,13.069027,-61.015323
521.965040,7.992331,-65.987581
523.005238,2.004328,-70.937098
522.992955,-2.984472,-75.995978
523.989981,-7.996144,-81.047147
524.992626,-13.987005,-86.042132
525.998418,-18.999725,-91.004648
526.999850,-23.983989,-94.986836
527.016066,-29.979704,-100.039027
528.000053,-35.007071,-104.993185
528.008067,-41.018942,-110.006094
528.025844,-45.982518,-113.974272
527.987885,-50.990435,-118.966207
527.997418,-56.998068,-122.934222
528.974277,-61.979799,-126.992392
527.990887,-67.001099,-132.005830
527.978601,-72.023506,-136.034806
527.954457,-77.024079,-140.023107
528.027803,-82.034047,-143.945009
527.981586,-87.018224,-148.002827
527.040277,-92.051011,-151.007142
527.001756,-97.029191,-154.995406
526.025700,-101.035574,-158.987991
526.011699,-105.979622,-163.041631
525.025436,-109.978698,-167.006851
525.071745,-114.973900,-170.999290
523.965965,-119.025387,-174.024836
522.975485,-122.983805,-178.047814
523.028491,-126.996727,-182.021179
523.000752,-130.058598,-185.025682
522.038134,-133.981241,-188.982783
521.036479,-136.977733,-191.948753
519.985657,-140.975367,-196.050670
519.010608,-143.979950,-198.969275
517.982240,-146.986485,-202.968538
518.033220,-149.981303,-205.963440
517.019155,-151.964556,-209.018554
516.003182,-154.963024,-212.015242
514.980666,-157.005639,-215.048234
514.999596,-158.988744,-218.057868
513.984641,-161.019985,-220.972429
512.960226,-163.040676,-224.034187
513.008548,-165.002741,-225.984399
511.964325,-165.954986,-229.015354
512.008366,-167.010784,-231.005469
510.965752,-167.969078,-233.995528
510.005004,-169.996794,-235.964416
509.990569,-170.982701,-238.043490
508.982545,-170.957996,-239.990206
509.057215,-172.057248,-241.963611
507.997611,-173.000754,-242.979733
508.034524,-172.995185,-245.033244
506.975500,-172.956004,-247.010483
507.067338,-172.985830,-247.995476
506.985990,-172.986676,-249.963972
507.008278,-172.991709,-250.991112
