510.000000,-175.000000,-225.000000
510.000000,-175.000000,-225.000000
510.000000,-175.000000,-225.000000
510.000000,-175.000000,-225.000000
510.000000,-175.000000,-225.000000
510.000000,-175.000000,-225.000000
509.999998,-175.000002,-225.000002
509.999998,-175.000002,-225.000002
509.999991,-175.000010,-225.000010
509.999815,-175.000200,-225.000204
509.999971,-175.000031,-225.000031
510.000017,-174.999981,-224.999981
510.001487,-174.998396,-224.998367
509.928544,-175.077083,-225.078496
512.009042,-171.980030,-222.992642
510.959942,-173.947739,-223.924927
510.950527,-174.038734,-224.036036
511.779102,-172.264917,-223.015281
511.737221,-172.301971,-223.008934
511.966438,-171.108078,-222.122800
510.893478,-173.254695,-223.165571
514.421292,-165.382642,-216.620812
511.897474,-172.147145,-223.024551
512.897728,-167.861872,-219.559620
513.749302,-166.247216,-217.342692
517.669647,-157.980373,-208.970980
512.919478,-167.394545,-219.325228
516.634007,-159.662435,-210.690676
519.638817,-150.227521,-201.256667
518.036048,-156.268387,-207.271968
519.643076,-150.213131,-201.242272
519.951153,-149.161621,-200.169552
519.221084,-151.494179,-202.505560
523.647701,-133.884899,-185.818225
520.600874,-147.186044,-198.078032
523.992497,-133.021174,-185.018476
524.880314,-129.538924,-182.368766
528.973977,-112.281991,-168.278014
530.037191,-101.452782,-159.558047
523.016783,-139.797951,-191.791441
526.609319,-122.722748,-176.563910
531.037812,-91.494650,-151.601033
529.023739,-111.345855,-167.397239
532.910327,-65.750722,-130.668038
528.081063,-115.702733,-171.770504
529.230742,-105.629212,-162.933278
529.034588,-106.713999,-163.780761
530.606637,-94.067996,-153.647999
532.033463,-76.528143,-140.419538
530.024554,-96.781692,-155.825296
532.384751,-46.884480,-115.182301
532.274537,-69.314208,-133.552303
530.584890,-27.504301,-98.830798
531.330309,-31.742834,-102.484719
519.982510,25.803760,-57.307843
531.768859,-83.320701,-144.953213
529.039760,-13.094419,-87.949270
530.668020,-28.029422,-99.285796
530.944108,-29.686803,-100.729102
523.764432,12.909760,-66.359124
529.049096,-18.618730,-92.440109
531.374030,-31.968982,-102.674942
525.717188,3.155123,-74.473885
514.180152,45.513105,-42.363028
527.620137,-3.251066,-79.702538
531.962014,-71.319973,-135.302047
502.476064,71.819101,-23.711033
496.943202,85.095680,-14.444661
501.253452,77.154269,-20.575476
515.324839,42.060729,-44.717683
492.480163,93.395479,-8.175175
516.460127,38.675552,-46.794990
488.062367,99.904735,-2.996439
518.631741,30.775700,-53.273746
522.715787,18.038313,-62.230524
451.987786,143.011098,38.011524
474.381516,119.349646,13.242614
515.534243,41.409911,-45.130520
471.422110,123.499793,16.632532
465.351527,129.526209,22.557387
501.319551,76.842639,-20.775005
484.901586,105.162591,0.116712
480.374728,112.443071,6.650867
474.108110,119.822408,13.809944
464.401710,131.075665,23.988830
460.699351,134.088777,27.698385
475.056081,118.183418,11.568363
474.229129,119.617046,13.574343
429.302062,154.914533,60.576038
474.101175,119.833969,13.822702
510.424617,56.003178,-34.603003
445.081476,146.544775,44.690847
453.213061,141.209234,36.282740
429.302751,154.914270,60.575118
425.416568,155.819825,65.617661
441.351559,149.751045,48.473280
486.406103,101.893826,-1.456085
457.087217,137.903219,31.886857
416.109125,154.577046,75.437914
445.358564,146.378757,44.515841
421.966432,156.067033,68.939941
450.631998,143.905001,39.050120
451.803983,143.167489,38.176784
417.498800,155.110766,74.598866
411.016195,148.849795,82.104598
414.414336,153.964877,76.791554
437.631289,151.128812,52.307185
414.350813,153.975770,76.917894
412.003159,142.741816,81.353483
424.441868,156.091931,66.550131
411.028381,146.260317,83.089742
435.358875,152.388410,55.082221
411.004948,148.094224,82.931330
440.985534,150.008640,49.019894
411.159833,144.851213,81.956560
410.958003,149.902488,82.021856
410.987690,147.625017,83.090772
411.015361,148.860332,82.095633
419.112624,154.972906,72.888453
429.692729,154.727570,60.094332
423.707380,156.050150,67.303899
436.084337,111.887053,47.909874
411.031667,146.399612,83.092204
411.017358,148.325478,82.696270
426.757838,123.112571,61.599606
425.437528,155.808759,65.598770
422.041400,156.061165,68.870411
472.961834,59.446293,-11.342705
436.091818,111.877155,47.901972
440.979515,107.749101,42.450021
425.134594,125.778734,65.717909
412.133172,151.128076,80.857707
437.311717,110.466498,46.713915
423.848002,127.268357,67.320288
411.009832,146.850590,83.012719
426.835917,123.035504,61.481683
423.266731,127.776234,67.789088
431.073838,118.342981,56.566921
455.149054,87.912078,19.161607
445.861019,100.274263,34.310868
412.202837,151.198296,80.783649
460.613598,79.554797,9.649106
438.153877,109.672960,45.898969
433.792819,115.238223,51.408197
479.589506,45.483657,-25.170984
418.324732,132.785088,73.603072
446.155276,99.696662,33.646181
458.038144,82.936424,13.928291
423.101912,127.914926,67.919123
443.330217,105.258493,39.086056
511.657267,-57.700471,-113.707045
443.354759,105.215680,39.048635
423.746141,127.360248,67.405261
506.983900,-33.389103,-93.475351
455.416515,87.658330,18.816552
415.952622,136.228671,76.513635
462.918999,75.147484,5.167331
473.509314,58.750868,-12.190923
450.480330,94.678120,26.772628
494.254716,10.220555,-57.324654
508.956036,-149.761164,-231.361581
513.754835,-82.686239,-136.827529
456.113678,86.841893,17.822468
513.982303,-90.741196,-145.713831
503.301935,-20.299861,-82.584341
447.335119,97.753230,31.100947
513.974047,-90.033897,-145.049696
486.280349,30.845948,-39.160839
514.103758,-85.835166,-140.184190
507.102357,-40.467418,-98.308148
487.637463,27.139831,-42.673107
506.512687,-30.503831,-90.567301
474.823172,56.066168,-14.654022
500.571178,-9.293849,-74.103246
512.855460,-69.246585,-124.217033
511.947027,-63.528606,-118.800515
513.031399,-128.550763,-193.179728
512.933338,-127.272315,-190.545467
495.206804,6.530105,-60.136128
510.058243,-147.895381,-226.755762
513.996435,-88.086476,-143.099492
512.581242,-154.572326,-239.449969
513.191581,-124.105318,-185.988794
502.409675,-14.638882,-78.341311
513.098076,-135.436061,-203.115816
474.971538,55.631333,-14.984344
506.851769,-37.664499,-96.541521
509.019128,-150.188247,-232.420547
511.809187,-58.472722,-114.509405
514.074581,-86.644329,-141.270808
511.175836,-141.562711,-214.135733
512.896987,-154.900662,-237.493641
512.979702,-130.574772,-196.872999
471.332352,61.468949,-8.667025
514.000631,-112.166580,-170.214947
513.998123,-97.091119,-153.138471
514.041450,-156.048423,-235.937093
508.984971,-149.906439,-231.764449
513.981721,-90.699819,-145.674406
511.025786,-153.376995,-241.736127
514.004920,-92.580679,-147.677277
509.861029,-146.510662,-222.261588
509.742043,-148.292707,-227.589264
512.891639,-126.485402,-189.145037
512.986483,-130.363287,-196.563321
514.006531,-156.025450,-235.114596
509.016896,-150.803202,-233.566726
513.005426,-73.932968,-128.930437
515.000000,-156.000000,-232.000000
508.941010,-149.110475,-229.305376
515.000000,-156.000000,-232.000000
513.071297,-155.073632,-238.272804
514.083199,-156.104556,-235.829315
513.974925,-90.133200,-145.142245
515.000000,-156.000000,-232.000000
510.068901,-153.070335,-240.167307
513.003825,-155.004001,-238.011995
513.024962,-129.371134,-194.887440
513.979651,-88.654509,-143.715793
514.023774,-120.857311,-182.852951
515.000000,-156.000000,-232.000000
510.012137,-152.974918,-241.088465
511.018108,-153.420367,-241.692000
512.938368,-154.940790,-237.795508
508.925352,-149.614774,-230.916373
515.000000,-156.000000,-232.000000
