510.000000,-175.000000,-225.000000
510.000000,-175.000000,-225.000000
510.000000,-175.000000,-225.000000
510.000000,-175.000000,-225.000000
510.000000,-175.000000,-225.000000
510.000000,-175.000000,-225.000000
509.999997,-175.000003,-225.000003
509.999998,-175.000002,-225.000002
510.000018,-174.999981,-224.999980
510.000010,-174.999989,-224.999988
510.000619,-174.999332,-224.999320
510.000106,-174.999886,-224.999884
509.898272,-175.109739,-225.111751
510.000447,-174.999518,-224.999509
510.611705,-174.357315,-224.349532
509.908517,-175.098686,-225.100496
510.961990,-173.068765,-223.035697
510.866074,-173.613616,-223.513166
511.007355,-172.988197,-222.994693
511.955820,-171.234534,-222.273105
513.072381,-169.339280,-220.214132
513.132500,-166.750658,-218.612118
510.334331,-174.643125,-224.637461
515.910876,-161.174424,-212.154364
512.898530,-167.938337,-219.590950
513.001093,-166.996856,-218.996385
516.876583,-159.204252,-210.212500
512.183582,-170.736724,-221.730079
513.061424,-169.292561,-220.178118
515.448936,-162.039065,-212.908812
522.706313,-141.314225,-193.394345
521.949351,-143.125033,-195.095489
521.345413,-144.892863,-196.235293
522.981465,-137.531351,-189.528827
513.114209,-169.527769,-220.388276
523.499369,-134.233107,-186.165140
520.104458,-148.664862,-199.643787
527.411914,-118.794287,-173.649051
522.121593,-142.713953,-194.766688
517.965809,-154.505738,-205.508357
522.385592,-142.118110,-194.220131
522.972658,-136.386825,-188.391553
526.314983,-123.847086,-177.786504
528.741663,-113.503244,-169.583441
530.032429,-100.256682,-158.598228
528.974015,-17.399612,-91.552066
530.942115,-92.455359,-152.360900
532.011879,-36.200093,-106.162571
524.639688,-130.626699,-183.138714
529.948623,-23.732996,-95.808396
531.864339,-34.759702,-104.988017
532.305475,-46.010158,-114.437567
530.045681,-101.116698,-159.287598
531.951127,-75.254268,-139.345740
532.924562,-65.645849,-130.577258
524.002376,10.979157,-68.017843
525.360066,3.995925,-73.805453
528.583430,-9.074379,-84.538977
532.027164,-36.733042,-106.595220
531.047239,-90.441811,-150.772085
533.078442,-57.762987,-123.531327
528.238394,-7.322033,-83.093175
493.011924,91.973078,-9.017564
527.801421,-4.633062,-80.860238
516.993188,37.168306,-47.714844
517.420028,35.924032,-48.528148
528.813381,-10.383122,-85.628121
517.053451,36.996189,-47.823398
486.817918,101.238497,-1.832440
508.751144,59.192735,-32.743314
528.981732,-15.753085,-90.234282
517.283092,36.330984,-48.253997
446.749718,145.557100,42.882269
510.805179,54.935996,-35.274940
523.538807,14.405686,-65.087914
514.374593,44.963343,-42.761442
523.758480,12.953400,-66.321700
465.088848,129.871187,22.880540
446.326292,145.804884,43.602191
518.597462,30.971382,-53.066929
457.604955,137.107041,31.065646
446.643350,145.617360,43.080878
502.273502,72.278947,-23.429910
512.931693,48.581644,-39.930096
501.508167,75.511124,-21.571278
501.605701,74.736336,-22.010265
496.296127,86.461449,-13.428615
503.252589,70.282183,-24.688554
463.219475,132.825560,25.780609
474.223486,119.626772,13.585881
479.897081,113.135136,7.084003
430.097639,154.488983,59.681177
445.203992,146.471032,44.615484
468.307698,126.728528,19.699250
496.242512,86.563171,-13.349140
457.569693,137.173270,31.129391
441.985511,149.101041,47.366873
467.131548,127.755898,20.807677
419.634094,154.866444,72.440394
419.902441,154.925957,72.154720
431.857654,153.671776,58.499899
430.092511,154.492075,59.685899
410.921306,145.636333,82.668566
481.603598,109.751095,4.696670
433.373893,115.654471,52.257641
420.281051,155.355731,71.385218
494.578940,89.223966,-11.120085
437.788643,151.071087,52.176318
462.052557,133.526907,26.765497
455.898057,138.796119,33.135478
410.984709,149.096023,81.962571
426.406916,155.242415,64.682103
465.748815,129.070550,22.122709
424.043346,127.087244,67.151039
413.625812,152.503642,79.444508
412.350490,151.352560,80.628381
419.846812,154.898508,72.227389
445.990712,146.005508,44.009458
413.725466,152.597551,79.347123
440.446599,108.075199,43.184203
418.242164,132.830259,73.693848
506.979666,-33.306735,-93.401486
417.858677,133.146262,74.227697
416.417820,135.761830,76.340186
473.701073,120.465755,14.444887
413.177780,152.143689,79.844141
418.767303,132.592388,73.172468
414.484489,137.336955,77.617579
411.712091,144.439946,82.039186
411.015327,148.284369,82.743053
415.534105,154.243003,75.664186
411.010420,146.842241,83.014016
431.029250,118.414093,56.634763
424.667588,126.438025,66.502483
451.999295,91.956584,23.991129
420.336209,131.556322,71.468724
462.743809,75.483293,5.533441
468.780349,67.424099,-2.679713
432.084724,116.898223,54.841862
446.588535,98.891154,32.650706
439.490995,108.664059,44.420063
428.245583,154.999450,62.165549
429.947722,120.070851,58.058820
412.792033,141.103261,81.029687
479.234578,47.355246,-22.781476
479.553242,45.705920,-24.885820
507.836693,-42.452284,-99.748802
430.457134,119.325812,57.441769
414.832144,137.113506,77.155529
430.319596,119.537132,57.617945
437.003849,110.789844,47.004795
485.436280,32.881943,-37.065812
512.984948,-132.707933,-199.644329
505.132454,-26.994382,-87.194896
479.534433,45.827776,-24.728929
440.435597,108.081810,43.199079
427.135011,122.752653,61.056069
448.597136,96.447110,29.177738
506.988450,-33.491119,-93.565830
439.875907,108.420587,43.937191
510.113917,-147.362022,-225.242958
462.061547,76.959830,6.980446
491.920332,15.637214,-52.366629
514.000234,-105.343393,-162.395823
501.119186,-10.563356,-75.133755
506.265499,-29.716773,-89.732235
491.819942,15.896517,-52.098417
513.547652,-122.806540,-184.714976
511.555057,-57.241909,-113.227036
508.951095,-151.924928,-238.205593
438.276538,109.567795,45.775106
434.849439,113.754836,49.496703
509.736136,-148.298250,-227.599491
515.000000,-156.000000,-232.000000
510.005771,-153.008011,-240.974891
466.687563,70.225365,-0.713805
440.277841,108.176560,43.410930
509.021001,-150.730605,-233.434615
501.329033,-11.072026,-75.529442
506.934708,-35.842522,-95.367195
512.229254,-137.464421,-206.944840
514.000431,-101.141694,-157.378210
512.938800,-78.438466,-133.508185
491.502142,16.720333,-51.253315
453.549327,89.352248,21.193709
513.998011,-97.646891,-153.670993
511.738923,-58.097155,-114.121099
513.022961,-129.427275,-194.994786
514.002056,-95.423092,-151.320574
514.005943,-94.419703,-150.043424
513.904839,-121.463858,-183.458217
514.081409,-156.127505,-235.594984
512.284185,-154.274102,-239.692977
512.896935,-154.900562,-237.419318
512.969720,-130.971523,-197.428211
511.157409,-55.627758,-111.587725
509.016687,-152.042661,-237.901204
479.907047,44.237955,-26.718282
485.434118,32.887267,-37.060507
511.035242,-153.078931,-241.977312
509.890581,-153.034231,-240.848270
510.951186,-142.318436,-215.569802
511.030318,-153.061301,-241.985366
515.000000,-156.000000,-232.000000
511.891590,-153.930197,-240.712060
515.000000,-156.000000,-232.000000
515.000000,-156.000000,-232.000000
515.000000,-156.000000,-232.000000
506.946039,-35.639289,-95.228129
512.939796,-74.808390,-129.850180
513.030318,-129.198836,-194.548422
490.505000,19.204466,-48.935154
515.000000,-156.000000,-232.000000
515.000000,-156.000000,-232.000000
515.000000,-156.000000,-232.000000
515.000000,-156.000000,-232.000000
515.000000,-156.000000,-232.000000
513.985872,-117.709564,-178.517787
512.327508,-137.300068,-206.593997
515.000000,-156.000000,-232.000000
513.031227,-155.032398,-238.102821
512.920195,-125.632000,-187.834553
512.988730,-154.987686,-237.962773
510.842454,-144.482412,-218.644842
513.073965,-155.071553,-236.880446
509.997992,-146.995099,-223.982017
