507.000000,-127.000000,-222.000000
507.000000,-127.000000,-221.946336
507.000000,-127.000000,-222.242369
507.000000,-126.999999,-222.723253
507.000000,-127.000002,-223.102897
507.000000,-126.999993,-222.991886
507.000000,-126.999921,-222.998109
507.000000,-127.000486,-223.000265
507.000000,-126.999102,-222.999871
506.999998,-127.004947,-223.000064
507.000000,-126.999639,-222.999998
507.000009,-126.976680,-222.999876
507.000067,-126.804371,-222.999056
507.000008,-126.978753,-222.999887
507.000086,-126.742976,-222.998803
506.999693,-125.963506,-223.004297
507.338484,-122.631979,-222.091163
506.981927,-123.907437,-221.945320
506.898164,-123.471980,-221.881806
508.980811,-119.026444,-219.030170
507.870437,-120.374401,-220.353680
508.042675,-121.126637,-221.145678
507.932955,-120.796780,-220.777755
509.009766,-116.274429,-217.119933
510.015477,-112.965911,-214.975421
510.921033,-106.286050,-211.194039
510.999386,-102.573530,-209.618343
510.988817,-103.528168,-209.873536
508.364801,-119.607790,-219.628855
510.998081,-103.957869,-209.988133
511.056184,-105.734489,-210.822025
510.904830,-99.533873,-207.584041
512.076039,-94.115608,-204.413503
512.093456,-94.436901,-204.503638
511.983513,-96.081648,-205.034306
512.998307,-70.940916,-190.114037
512.999120,-71.690132,-190.775799
512.971008,-78.535802,-194.831853
512.998543,-65.970339,-185.527126
513.022014,-82.900039,-197.932838
512.002883,-90.090624,-202.054251
511.901111,-87.158069,-200.583441
503.035468,5.771954,-131.172489
510.945693,-100.371116,-208.523065
512.004049,-42.938172,-169.948893
512.020120,-39.190549,-167.113474
503.461350,2.982474,-133.325790
503.576770,2.401491,-133.794757
513.001015,-72.270234,-191.172579
505.292008,-0.862177,-136.918350
507.924472,-15.641921,-149.773023
512.090100,-41.379645,-168.665140
511.917393,-44.393470,-171.138047
511.587144,-97.383528,-205.728690
503.349364,3.645346,-132.802663
493.919266,34.147307,-107.863907
509.971070,-29.255003,-159.484801
504.364369,0.329021,-135.652602
506.996527,-8.438370,-143.357034
501.567645,12.949568,-125.043688
501.586005,12.872267,-125.124525
501.543596,13.049671,-124.939048
469.874561,81.197272,-68.824099
488.354362,47.944717,-96.293120
506.842610,-5.269329,-140.582843
468.185632,84.616532,-65.409916
460.771519,94.946410,-56.872460
479.784689,65.600787,-81.554882
507.161829,-12.113369,-147.041531
451.426546,106.818545,-47.190204
430.724675,129.311922,-29.769818
473.533038,76.032005,-72.651755
459.276192,97.049041,-54.976175
470.994923,79.640241,-70.125005
485.619936,53.417992,-91.611234
500.875759,15.383897,-122.654048
461.367655,94.152636,-57.470827
439.023897,120.977464,-36.015649
456.642835,100.960402,-51.406481
476.326048,71.145654,-76.853886
502.595509,8.224656,-129.307898
440.318592,119.693540,-36.902861
454.586609,103.436158,-49.730196
408.971567,149.492066,-16.507860
432.106708,128.197817,-30.752061
424.350857,135.631753,-25.196961
450.102332,108.874817,-45.104962
468.117459,84.760324,-65.256523
389.876317,165.479082,-8.391911
388.264842,166.637377,-7.867472
400.459193,156.325197,-12.419729
437.762848,122.133167,-35.220281
412.769115,146.141380,-18.439321
403.945673,153.243012,-14.366071
402.147063,155.882012,-13.101060
405.363552,152.417726,-14.793742
393.539172,162.318819,-9.736350
493.258519,35.300022,-106.726190
378.171675,168.684499,-3.011437
395.550064,161.427600,-10.809370
465.960270,88.052666,-61.955225
431.009098,128.990929,-30.007125
421.093398,138.877533,-23.071776
400.222789,156.383738,-12.350025
458.765597,97.827562,-54.154895
379.358207,172.988127,-4.914786
394.983470,161.702642,-10.539164
379.037826,167.650332,-3.086922
398.080303,157.979779,-11.724224
399.109312,156.915851,-12.031562
387.836808,147.344064,-1.000525
468.545018,83.825005,-66.244918
381.889636,159.261654,-2.047233
397.318224,159.065540,-11.479079
407.368806,150.638767,-15.630731
390.875666,142.925093,-1.001828
398.265235,127.413533,-1.321634
458.963073,8.104327,-43.942466
392.241203,140.170216,-0.996470
387.159594,149.334131,-1.001817
378.004417,172.122973,-3.969240
377.940620,173.073576,-4.363735
378.008299,170.998876,-3.894647
378.519005,168.354520,-2.999374
377.987534,171.413325,-4.121393
379.005172,167.993063,-3.001348
390.450999,143.451070,-1.000955
381.920673,172.022249,-5.939255
381.781788,159.530410,-2.077639
409.370488,107.272247,-4.810149
381.323054,160.814521,-2.083475
391.888702,141.282391,-1.000914
436.842480,55.970725,-18.755426
378.022266,172.681289,-3.871182
380.023582,172.959148,-6.034467
380.780798,163.544083,-1.932321
435.929468,58.136280,-17.945050
438.638108,51.852217,-20.643362
394.408965,134.782925,-1.029212
380.030683,173.038360,-5.147934
427.646425,72.097945,-13.417256
446.549553,36.869934,-27.659855
379.513680,172.980954,-4.887273
377.992631,171.739963,-4.062440
380.963701,162.392204,-1.988531
432.238457,65.068115,-15.558714
419.568813,88.190442,-8.502513
459.119946,7.691772,-44.168092
384.471184,154.527964,-1.026306
418.136811,91.727033,-7.083557
409.337861,107.343190,-4.794458
489.548885,-64.522040,-111.351269
382.825275,157.368780,-1.175512
466.591459,-5.891161,-54.671337
469.448704,-11.652322,-59.345559
379.772145,165.390942,-2.134991
450.347248,27.086631,-32.461528
382.366188,158.230098,-1.710562
492.357325,-75.968223,-127.618105
500.114378,-100.308124,-182.226404
410.104791,105.807595,-5.013102
454.229944,19.134819,-37.335359
443.197279,42.614177,-25.127225
493.261451,-78.857810,-132.159346
500.822032,-103.971092,-199.252652
387.152593,149.361621,-1.001773
491.086279,-72.493522,-122.628244
491.288346,-73.197534,-123.513415
478.899182,-35.713315,-80.712608
413.742156,99.544525,-5.262899
486.052122,-56.202526,-101.251518
413.244150,100.548702,-5.053841
421.024221,84.676513,-9.696380
447.853779,33.401706,-29.792088
441.536603,46.787564,-23.597254
491.017569,-72.131058,-122.168496
484.850119,-51.300885,-96.324497
409.337441,107.344106,-4.794252
491.152735,-72.757668,-122.960084
420.268798,86.312095,-9.249769
499.979005,-101.775041,-188.164773
446.320002,37.368202,-27.358847
498.218294,-97.370322,-170.160031
409.416011,107.173904,-4.831063
497.956745,-94.898417,-163.670797
497.039559,-92.491229,-156.905951
490.180398,-66.478750,-114.742162
495.499565,-84.271721,-140.656868
469.877268,-14.464749,-61.584337
496.013989,-87.918678,-147.790464
411.747797,103.082016,-4.980601
499.051079,-113.075524,-246.173866
501.005739,-106.032113,-207.797263
500.002349,-109.969732,-230.675853
500.123175,-108.891823,-222.502778
499.998034,-110.037118,-228.992974
499.997447,-110.044968,-228.852125
465.568188,-4.290482,-53.492583
498.000000,-114.000000,-249.000000
500.002400,-109.974231,-229.880211
377.975446,173.052628,-4.133138
500.012649,-100.939227,-184.751216
497.167758,-94.239859,-160.807890
499.951835,-103.263739,-192.769294
498.000000,-114.000000,-249.000000
483.197775,-46.184227,-91.175839
501.003644,-105.980525,-209.000532
481.175722,-42.549509,-87.551528
500.036982,-111.098302,-234.381049
498.000000,-114.000000,-249.000000
498.000000,-114.000000,-249.000000
499.910013,-103.499752,-193.522537
499.973070,-110.682405,-233.174539
498.000000,-114.000000,-249.000000
500.002005,-109.974025,-230.741711
498.000000,-114.000000,-249.000000
498.000000,-114.000000,-249.000000
498.000000,-114.000000,-249.000000
498.000000,-114.000000,-249.000000
500.032436,-102.682171,-191.104036
498.000000,-114.000000,-249.000000
498.000000,-114.000000,-249.000000
501.006123,-106.493578,-211.690372
