507.000000,-127.000000,-222.000000
507.000000,-127.000000,-221.968175
507.000000,-127.000000,-222.001562
507.000000,-127.000000,-223.004986
507.000000,-127.000002,-223.049220
507.000000,-126.999999,-222.998913
507.000000,-126.999953,-222.998544
507.000000,-127.000017,-223.001128
506.999999,-127.002973,-223.000047
507.000001,-126.998106,-222.999853
507.000001,-126.998199,-222.999922
506.999523,-125.929789,-223.006679
506.999977,-127.062433,-223.000322
506.999456,-125.891996,-223.007609
507.000776,-126.055383,-222.989144
506.916445,-123.606116,-221.874380
507.611084,-122.398120,-222.107687
506.896811,-123.318062,-221.909639
508.118722,-121.425584,-221.491243
506.899547,-123.486981,-221.880085
507.842733,-122.185858,-222.075811
507.393016,-122.584303,-222.098056
509.011414,-116.396387,-217.173754
510.002688,-112.994340,-214.995861
510.131431,-112.231352,-214.552335
508.900577,-114.545394,-216.332651
508.160286,-119.804057,-219.815893
510.057007,-112.851084,-214.897832
510.089789,-111.604330,-214.259381
510.914731,-106.306949,-211.208259
509.738473,-113.328506,-215.292310
511.901644,-96.421673,-205.189569
513.100798,-82.258209,-197.518949
512.516647,-84.335162,-198.946820
511.993976,-91.887793,-203.301046
511.729074,-96.984443,-205.487624
511.956035,-86.308982,-200.164295
513.050095,-82.747236,-197.831937
512.804665,-83.621607,-198.436006
512.011635,-90.609433,-202.386110
512.011394,-90.567257,-202.357864
513.004477,-73.075104,-191.601832
512.998451,-70.608920,-189.773291
513.000119,-72.034720,-191.023293
512.315640,-49.457397,-175.120105
513.045439,-80.718096,-196.521076
512.985890,-58.915261,-182.349830
512.975894,-56.843989,-180.712392
513.095571,-54.110065,-178.531642
509.157705,-21.559148,-153.502693
509.519790,-22.722358,-154.735715
507.197763,-12.307797,-147.214171
508.696636,-19.671167,-152.065211
508.862138,-20.440045,-152.570255
510.021573,-25.320098,-157.234465
506.937539,-6.087825,-141.234546
503.347479,3.657286,-132.793333
509.504994,-22.674360,-154.682101
509.970548,-29.196759,-159.448335
501.534189,13.088472,-124.898518
503.598420,2.303824,-133.874833
504.270803,0.477144,-135.502712
501.832315,11.774827,-126.253889
506.173117,-2.415652,-138.349734
506.994110,-8.503204,-143.422601
475.079797,72.870096,-75.120414
490.958006,43.158977,-99.880715
480.746939,62.759808,-83.786489
481.880084,60.199659,-85.847275
491.459436,40.577626,-101.844462
467.242938,86.298242,-63.616697
496.375546,27.119452,-113.492653
485.130177,55.711412,-89.265606
467.217785,86.335864,-63.577657
453.909363,104.097961,-49.335114
472.425577,77.833628,-71.435214
466.617137,87.179926,-62.737676
479.357069,66.645670,-80.812814
461.363528,94.158099,-57.466815
460.808377,94.896988,-56.910805
451.640760,106.488180,-47.530969
439.142727,120.864619,-36.094041
459.548467,96.645727,-55.388184
449.566348,109.479884,-44.637342
445.643304,114.054474,-40.934797
458.345614,98.474003,-53.496705
440.739338,119.262089,-37.193945
451.191307,107.206237,-46.778344
445.274321,114.625501,-40.351388
403.596604,153.474464,-14.249208
427.022048,133.401052,-26.592924
488.166828,48.220276,-96.085387
455.521309,102.402308,-50.388774
420.785992,139.328166,-22.825275
458.936685,97.564518,-54.432344
391.477454,164.663238,-9.022343
420.434431,140.194612,-22.455253
420.231830,140.680541,-22.219681
419.946109,141.057746,-21.952967
415.199648,144.124898,-19.344687
381.198236,171.949644,-5.942326
447.204369,111.768086,-43.182554
403.066856,153.924502,-14.034205
421.108369,138.858664,-23.083116
428.037918,132.794440,-27.259986
396.581198,160.201291,-11.222384
439.623664,120.395842,-36.419617
378.705270,172.997896,-5.072834
411.426592,147.662988,-17.693327
381.914886,172.023099,-5.935691
382.686405,171.267897,-6.842204
382.561463,171.401941,-6.731827
378.067497,172.990220,-5.067459
390.477646,165.217150,-8.734826
386.898427,150.454313,-0.997867
379.971154,173.111765,-5.687475
381.851672,159.354846,-2.059549
380.018066,173.012919,-5.049429
377.987229,171.297325,-4.130398
378.014190,172.376300,-3.910453
389.082665,165.940436,-8.027224
387.052859,149.770858,-1.000812
378.330792,172.987162,-5.128061
378.011987,172.318195,-3.922848
419.624168,88.035298,-8.569911
378.013011,172.930210,-3.929242
382.713421,171.241044,-6.862101
402.531181,119.004313,-1.983814
381.837329,172.026770,-5.897555
391.535978,141.974499,-1.002184
400.042861,123.876585,-1.801803
378.013442,172.356314,-3.914611
383.306733,156.222162,-0.891801
379.041051,167.925775,-3.017356
379.141873,166.565312,-2.773059
381.027645,162.770386,-2.011698
404.418817,114.967907,-2.728144
388.715381,145.758655,-0.998970
378.031434,171.126589,-3.387108
411.251598,103.878707,-5.009575
447.215762,35.196402,-28.722170
414.834683,97.297004,-5.926573
445.420102,39.006423,-26.494060
450.393820,26.962181,-32.529388
405.438112,113.368937,-3.162579
425.585914,76.414282,-11.529739
398.458208,127.025656,-1.375174
377.941987,170.622678,-2.907798
464.000445,-1.001066,-51.001000
446.264213,37.483414,-27.291274
381.010485,162.958936,-2.004113
490.649824,-67.678492,-116.354753
419.860994,87.376279,-8.849205
476.555025,-31.221627,-76.230089
395.205851,133.684880,-0.975235
404.460188,114.893302,-2.749664
444.315094,40.744518,-25.774282
405.781240,112.910291,-3.274165
490.111540,-66.301585,-114.476638
414.802614,97.356164,-5.911060
449.275720,29.800966,-31.271115
419.125056,89.408504,-7.971523
453.134277,20.884851,-36.301749
478.069108,-33.900693,-78.894983
483.510446,-46.827992,-91.819684
439.602251,50.336675,-21.589277
489.777900,-65.306922,-112.786965
499.115276,-99.178678,-177.698166
481.714107,-43.502700,-88.503959
433.555056,61.955711,-16.341935
500.980926,-105.198886,-203.550464
410.470191,105.166802,-5.033273
486.298531,-57.129854,-102.522355
473.928029,-23.751937,-68.780575
470.332254,-15.946456,-62.722995
463.902035,-0.765130,-50.774778
422.796829,81.778737,-10.195980
497.144672,-94.217354,-160.720066
466.894753,-6.335254,-55.017476
474.419078,-25.737606,-70.652695
496.109619,-86.910614,-144.976386
463.594159,-0.038925,-50.029819
493.395098,-79.285657,-132.696605
485.581317,-54.391194,-99.271030
479.355321,-37.323226,-82.324427
498.963583,-98.703076,-175.863183
498.000000,-114.000000,-249.000000
494.034421,-81.080653,-135.136903
463.750053,-0.403255,-50.411046
500.284315,-104.034178,-197.351950
498.958818,-98.782289,-176.165418
482.018670,-44.032517,-89.032410
501.070948,-104.571957,-201.959936
500.017262,-100.918844,-184.668104
494.252227,-81.543813,-136.032317
483.500870,-46.807413,-91.799063
499.997057,-101.970256,-188.893958
501.028243,-104.813137,-202.531595
491.406716,-73.529117,-123.936526
491.004851,-69.037166,-118.047385
500.034561,-111.094263,-234.360082
482.228525,-44.399446,-89.397935
500.000022,-110.009263,-229.376708
501.049686,-108.013943,-217.796153
500.384288,-104.023400,-197.722963
500.038438,-104.017710,-196.240252
498.000000,-114.000000,-249.000000
501.000689,-105.971734,-209.633672
500.054744,-111.121817,-234.529882
498.000000,-114.000000,-249.000000
498.991487,-111.976867,-240.917906
480.413747,-41.045537,-86.046355
499.892185,-103.774130,-194.577730
499.964877,-103.196125,-192.567096
498.000000,-114.000000,-249.000000
498.000000,-114.000000,-249.000000
499.802078,-110.919552,-236.646301
501.005338,-106.740658,-212.319544
498.000000,-114.000000,-249.000000
499.997590,-109.001836,-223.012306
500.982413,-107.944892,-216.498277
498.901218,-111.560597,-240.145435
500.024532,-109.191304,-226.515703
