157.498093,-565.074223,-175.809567
157.498093,-565.074223,-175.809567
157.498093,-565.074223,-175.809567
157.498093,-564.108285,-175.809567
157.498093,-564.108285,-175.809567
158.514210,-564.108285,-175.809567
158.514210,-564.108285,-175.809567
158.514210,-564.108285,-175.809567
158.514210,-564.108285,-175.809567
159.530327,-564.108285,-175.809567
159.530327,-564.108285,-175.809567
159.530327,-564.108285,-175.809567
159.530327,-564.108285,-175.809567
160.546443,-563.142346,-175.809567
161.562560,-563.142346,-175.809567
162.578677,-563.142346,-175.809567
163.594794,-562.176407,-175.809567
164.610910,-562.176407,-175.809567
165.627027,-562.176407,-175.809567
166.643144,-561.210468,-175.809567
167.659261,-561.210468,-175.809567
169.691494,-560.244529,-175.809567
170.707611,-560.244529,-175.809567
172.739844,-559.278590,-175.809567
174.772078,-558.312652,-175.809567
176.804311,-558.312652,-175.809567
178.836545,-557.346713,-175.809567
181.884895,-556.380774,-175.809567
182.901011,-555.414835,-175.809567
185.949362,-554.448896,-175.809567
188.997712,-553.482957,-175.809567
195.094412,-550.585141,-175.809567
198.142762,-549.619202,-175.809567
201.191113,-547.687324,-175.809567
204.239463,-546.721385,-175.809567
209.320046,-544.789508,-175.809567
212.368397,-542.857630,-175.809567
216.432864,-540.925752,-175.809567
220.497330,-538.993875,-175.809567
224.561797,-537.061997,-175.809567
228.626264,-534.164180,-175.809567
233.706848,-532.232303,-175.809567
237.771315,-530.300425,-175.809567
242.851899,-527.402609,-175.809567
247.932482,-524.504792,-175.809567
253.013066,-521.606975,-175.809567
258.093650,-518.709159,-175.809567
263.174233,-514.845404,-175.809567
268.254817,-511.947587,-175.809567
273.335400,-508.083832,-175.809567
279.432101,-505.186015,-175.809567
284.512685,-501.322260,-175.809567
290.609385,-496.492566,-175.809567
295.689969,-492.628810,-175.809567
301.786669,-487.799116,-175.809567
307.883369,-483.935361,-175.809567
313.980070,-479.105666,-175.809567
320.076770,-474.275972,-175.809567
325.157354,-468.480339,-175.809567
331.254054,-463.650645,-176.819967
337.350754,-457.855012,-176.819967
343.447455,-452.059379,-176.819967
348.528039,-446.263746,-176.819967
354.624739,-440.468113,-176.819967
360.721439,-433.706541,-176.819967
366.818140,-427.910908,-176.819967
372.914840,-421.149336,-176.819967
377.995424,-414.387764,-176.819967
384.092124,-407.626192,-176.819967
390.188824,-399.898681,-176.819967
395.269408,-393.137109,-176.819967
401.366109,-385.409599,-176.819967
406.446692,-377.682088,-176.819967
411.527276,-369.954577,-177.830367
421.688443,-353.533617,-177.830367
426.769027,-345.806106,-177.830367
431.849610,-337.112656,-177.830367
436.930194,-328.419207,-177.830367
442.010778,-319.725757,-177.830367
446.075245,-311.998246,-177.830367
450.139712,-302.338858,-178.840766
454.204178,-293.645408,-178.840766
458.268645,-284.951959,-178.840766
461.316996,-276.258509,-178.840766
465.381463,-266.599121,-178.840766
469.445929,-257.905671,-178.840766
471.478163,-248.246283,-179.851166
475.542630,-239.552833,-179.851166
477.574863,-229.893445,-179.851166
481.639330,-220.234056,-179.851166
483.671564,-211.540607,-180.861566
485.703797,-201.881218,-180.861566
487.736031,-192.221830,-180.861566
489.768264,-182.562441,-180.861566
492.816614,-172.903053,-180.861566
493.832731,-163.243665,-181.871966
494.848848,-153.584276,-181.871966
496.881081,-143.924888,-181.871966
497.897198,-134.265499,-182.882366
498.913315,-124.606111,-182.882366
498.913315,-114.946722,-182.882366
499.929431,-105.287334,-182.882366
500.945548,-95.627946,-183.892765
500.945548,-86.934496,-183.892765
500.945548,-76.309169,-183.892765
500.945548,-66.649780,-184.903165
500.945548,-57.956331,-184.903165
499.929431,-48.296942,-184.903165
498.913315,-38.637554,-185.913565
498.913315,-28.978165,-185.913565
497.897198,-19.318777,-186.923965
496.881081,-9.659388,-186.923965
494.848848,0.000000,-186.923965
492.816614,7.727511,-187.934365
491.800498,17.386899,-187.934365
489.768264,27.046288,-188.944764
487.736031,35.739737,-188.944764
485.703797,45.399126,-189.955164
482.655447,54.092575,-189.955164
479.607097,63.751964,-189.955164
476.558747,72.445413,-190.965564
474.526513,81.138863,-190.965564
470.462046,89.832312,-191.975964
467.413696,98.525762,-191.975964
464.365346,106.253273,-192.986364
460.300879,114.946722,-192.986364
456.236412,122.674233,-193.996764
453.188062,130.401744,-193.996764
449.123595,138.129255,-195.007163
444.043011,145.856765,-196.017563
439.978544,152.618337,-196.017563
435.914077,160.345848,-197.027963
431.849610,167.107420,-197.027963
426.769027,172.903053,-198.038363
422.704560,179.664625,-198.038363
417.623976,185.460258,-199.048763
413.559509,192.221830,-199.048763
408.478926,198.017463,-200.059162
402.382225,203.813096,-201.069562
398.317758,209.608729,-201.069562
393.237175,214.438423,-202.079962
388.156591,219.268117,-202.079962
384.092124,223.131873,-203.090362
379.011540,226.995628,-203.090362
374.947074,231.825322,-204.100762
369.866490,234.723139,-204.100762
365.802023,238.586894,-205.111161
360.721439,241.484711,-205.111161
356.656972,245.348466,-206.121561
351.576389,248.246283,-206.121561
347.511922,251.144099,-207.131961
343.447455,253.075977,-207.131961
338.366871,255.973794,-208.142361
334.302404,257.905671,-208.142361
331.254054,259.837549,-209.152761
326.173470,261.769427,-209.152761
322.109004,263.701304,-210.163160
318.044537,265.633182,-210.163160
313.980070,266.599121,-211.173560
309.915603,268.530998,-211.173560
305.851136,269.496937,-212.183960
301.786669,271.428815,-212.183960
298.738319,272.394754,-213.194360
293.657735,274.326632,-213.194360
290.609385,275.292570,-214.204760
286.544918,276.258509,-214.204760
282.480451,277.224448,-215.215160
274.351517,279.156326,-216.225559
271.303167,280.122265,-216.225559
267.238700,281.088203,-216.225559
264.190350,281.088203,-217.235959
260.125883,282.054142,-217.235959
258.093650,282.054142,-218.246359
255.045299,282.054142,-218.246359
251.996949,283.020081,-218.246359
249.964716,283.020081,-219.256759
247.932482,283.020081,-219.256759
244.884132,283.020081,-219.256759
242.851899,282.054142,-219.256759
242.851899,282.054142,-220.267159
240.819665,282.054142,-220.267159
239.803548,280.122265,-220.267159
238.787432,280.122265,-220.267159
238.787432,279.156326,-220.267159
238.787432,278.190387,-220.267159
239.803548,277.224448,-220.267159
240.819665,276.258509,-220.267159
241.835782,275.292570,-219.256759
242.851899,274.326632,-219.256759
243.868015,273.360693,-219.256759
246.916365,271.428815,-219.256759
248.948599,270.462876,-218.246359
250.980832,268.530998,-218.246359
254.029183,267.565060,-217.235959
256.061416,265.633182,-217.235959
259.109766,263.701304,-216.225559
262.158116,261.769427,-216.225559
265.206467,259.837549,-215.215160
269.270934,257.905671,-215.215160
272.319284,255.973794,-214.204760
276.383751,253.075977,-214.204760
281.464334,251.144099,-213.194360
284.512685,248.246283,-212.183960
289.593268,245.348466,-211.173560
293.657735,243.416589,-211.173560
298.738319,240.518772,-210.163160
303.818902,236.655017,-209.152761
307.883369,233.757200,-208.142361
312.963953,230.859384,-207.131961
318.044537,226.995628,-207.131961
323.125120,223.131873,-206.121561
328.205704,219.268117,-205.111161
333.286288,215.404362,-204.100762
339.382988,211.540607,-203.090362
344.463572,206.710912,-202.079962
349.544155,201.881218,-201.069562
355.640856,197.051524,-200.059162
361.737556,191.255891,-200.059162
366.818140,186.426197,-199.048763
372.914840,180.630564,-198.038363
379.011540,173.868992,-197.027963
384.092124,168.073359,-196.017563
390.188824,161.311787,-195.007163
395.269408,154.550215,-193.996764
401.366109,146.822704,-192.986364
406.446692,140.061132,-191.975964
412.543393,131.367683,-190.965564
417.623976,123.640172,-189.955164
422.704560,114.946722,-188.944764
427.785143,106.253273,-187.934365
432.865727,97.559823,-186.923965
437.946311,88.866374,-185.913565
443.026894,79.206985,-183.892765
447.091361,69.547597,-182.882366
451.155828,58.922269,-181.871966
455.220295,48.296942,-180.861566
459.284762,38.637554,-179.851166
463.349229,28.012226,-178.840766
466.397579,16.420960,-177.830367
469.445929,5.795633,-176.819967
475.542630,-15.455021,-174.799167
477.574863,-26.080349,-173.788767
479.607097,-36.705676,-172.778367
481.639330,-47.331003,-171.767968
482.655447,-57.956331,-170.757568
484.687680,-68.581658,-169.747168
485.703797,-79.206985,-168.736768
486.719914,-88.866374,-167.726368
487.736031,-99.491701,-166.715969
487.736031,-109.151089,-166.715969
487.736031,-119.776417,-165.705569
487.736031,-129.435805,-164.695169
487.736031,-139.095193,-163.684769
487.736031,-147.788643,-163.684769
487.736031,-157.448031,-162.674369
486.719914,-167.107420,-161.663970
485.703797,-175.800870,-160.653570
484.687680,-184.494319,-160.653570
482.655447,-194.153708,-159.643170
481.639330,-202.847157,-159.643170
480.623213,-211.540607,-158.632770
479.607097,-220.234056,-157.622370
477.574863,-227.961567,-157.622370
476.558747,-236.655017,-156.611971
473.510396,-244.382527,-156.611971
471.478163,-253.075977,-155.601571
469.445929,-260.803488,-155.601571
467.413696,-268.530998,-154.591171
465.381463,-276.258509,-154.591171
462.333112,-283.986020,-153.580771
459.284762,-290.747592,-153.580771
457.252529,-298.475103,-153.580771
454.204178,-305.236675,-152.570371
451.155828,-312.964185,-152.570371
449.123595,-319.725757,-151.559971
445.059128,-326.487329,-151.559971
442.010778,-333.248901,-151.559971
437.946311,-340.010473,-151.559971
434.897961,-346.772045,-150.549572
431.849610,-353.533617,-150.549572
427.785143,-359.329250,-150.549572
424.736793,-366.090822,-150.549572
420.672326,-371.886455,-149.539172
416.607859,-377.682088,-149.539172
413.559509,-383.477721,-149.539172
409.495042,-389.273354,-149.539172
405.430575,-395.068987,-149.539172
401.366109,-400.864620,-149.539172
397.301642,-406.660253,-148.528772
393.237175,-411.489947,-148.528772
388.156591,-416.319642,-148.528772
384.092124,-422.115275,-148.528772
380.027657,-426.944969,-148.528772
375.963190,-431.774663,-148.528772
370.882607,-436.604357,-148.528772
365.802023,-441.434051,-148.528772
361.737556,-446.263746,-148.528772
357.673089,-450.127501,-148.528772
351.576389,-455.923134,-149.539172
348.528039,-457.855012,-149.539172
347.511922,-459.786889,-149.539172
345.479688,-460.752828,-149.539172
343.447455,-462.684706,-149.539172
343.447455,-463.650645,-150.549572
342.431338,-463.650645,-150.549572
340.399105,-464.616584,-151.559971
339.382988,-465.582523,-151.559971
338.366871,-466.548461,-152.570371
338.366871,-466.548461,-152.570371
337.350754,-467.514400,-153.580771
336.334638,-467.514400,-153.580771
335.318521,-468.480339,-154.591171
334.302404,-469.446278,-155.601571
332.270171,-470.412217,-156.611971
331.254054,-471.378156,-156.611971
330.237937,-472.344094,-157.622370
328.205704,-474.275972,-158.632770
326.173470,-475.241911,-158.632770
324.141237,-476.207850,-159.643170
322.109004,-478.139728,-159.643170
321.092887,-479.105666,-160.653570
319.060653,-481.037544,-160.653570
316.012303,-482.003483,-161.663970
314.996186,-483.935361,-161.663970
311.947836,-485.867238,-162.674369
309.915603,-487.799116,-162.674369
306.867253,-489.730994,-163.684769
303.818902,-491.662871,-163.684769
300.770552,-493.594749,-164.695169
298.738319,-494.560688,-165.705569
295.689969,-496.492566,-165.705569
293.657735,-498.424443,-166.715969
289.593268,-500.356321,-166.715969
287.561035,-502.288199,-167.726368
281.464334,-506.151954,-169.747168
277.399867,-508.083832,-169.747168
274.351517,-510.015709,-170.757568
271.303167,-511.947587,-171.767968
268.254817,-513.879465,-172.778367
265.206467,-514.845404,-172.778367
262.158116,-516.777281,-173.788767
260.125883,-518.709159,-174.799167
257.077533,-519.675098,-174.799167
254.029183,-520.641037,-175.809567
250.980832,-522.572914,-175.809567
248.948599,-523.538853,-176.819967
246.916365,-525.470731,-176.819967
243.868015,-526.436670,-176.819967
241.835782,-527.402609,-176.819967
239.803548,-528.368547,-176.819967
237.771315,-530.300425,-176.819967
235.739081,-531.266364,-176.819967
233.706848,-532.232303,-176.819967
231.674615,-533.198242,-176.819967
230.658498,-534.164180,-176.819967
228.626264,-535.130119,-176.819967
226.594031,-536.096058,-176.819967
225.577914,-536.096058,-176.819967
223.545681,-537.061997,-176.819967
221.513447,-538.027936,-176.819967
221.513447,-538.993875,-176.819967
219.481214,-538.993875,-176.819967
217.448980,-539.959813,-176.819967
216.432864,-540.925752,-176.819967
215.416747,-540.925752,-176.819967
214.400630,-541.891691,-176.819967
213.384513,-542.857630,-176.819967
211.352280,-542.857630,-176.819967
210.336163,-543.823569,-176.819967
210.336163,-543.823569,-176.819967
209.320046,-543.823569,-176.819967
209.320046,-544.789508,-176.819967
208.303930,-544.789508,-176.819967
208.303930,-544.789508,-176.819967
207.287813,-544.789508,-176.819967
207.287813,-544.789508,-176.819967
206.271696,-545.755447,-176.819967
206.271696,-545.755447,-176.819967
206.271696,-545.755447,-176.819967
206.271696,-545.755447,-176.819967
206.271696,-545.755447,-176.819967
206.271696,-545.755447,-176.819967
206.271696,-545.755447,-176.819967
207.287813,-544.789508,-176.819967
207.287813,-544.789508,-176.819967
207.287813,-544.789508,-176.819967
207.287813,-544.789508,-176.819967
207.287813,-544.789508,-176.819967
207.287813,-544.789508,-176.819967
207.287813,-544.789508,-176.819967
207.287813,-544.789508,-176.819967
207.287813,-544.789508,-176.819967
207.287813,-544.789508,-176.819967
207.287813,-544.789508,-176.819967
207.287813,-544.789508,-176.819967
207.287813,-544.789508,-176.819967
207.287813,-544.789508,-176.819967
207.287813,-544.789508,-176.819967
