113.946428,-633.967994,-150.977822
114.034437,-633.969675,-151.026885
114.025993,-634.005183,-151.009983
114.004430,-634.001059,-151.050035
113.995321,-633.980758,-151.002776
114.014179,-633.978165,-150.968545
114.062397,-634.060538,-151.011750
114.010434,-634.050946,-150.985131
114.045320,-634.018599,-150.974041
113.895359,-634.027484,-151.084024
113.991242,-634.031426,-150.983172
114.089112,-634.005209,-151.070402
114.046405,-633.971687,-151.043444
114.017713,-634.012269,-150.990752
114.089049,-633.955128,-151.051137
114.029739,-633.896716,-150.968539
114.066264,-633.938951,-150.954850
113.975945,-633.954431,-150.992249
114.044340,-633.934001,-151.001854
114.011027,-633.950402,-150.943144
113.912079,-633.977757,-150.961396
113.977363,-634.071466,-150.929742
113.958619,-633.946016,-151.006877
113.950111,-633.981412,-151.068881
113.959706,-633.990903,-150.947757
113.982400,-633.984648,-151.057100
115.009769,-634.003498,-151.057609
115.963973,-634.077454,-151.003991
117.028722,-633.971388,-151.065577
117.984409,-634.106606,-151.017835
118.999968,-633.033584,-150.985109
119.022025,-632.940032,-151.001284
121.016326,-633.013123,-150.967195
122.992553,-631.988039,-151.017941
124.956398,-632.043901,-150.973918
126.045020,-630.964475,-151.057698
128.029484,-630.972275,-151.010473
130.031635,-629.957794,-151.042964
132.965670,-629.990887,-150.914430
136.025078,-629.011703,-150.968634
137.983730,-627.985980,-151.054968
141.028784,-626.959357,-151.039981
144.030251,-625.922431,-150.986930
147.007423,-625.062161,-150.985088
151.060140,-624.042686,-151.105068
154.930526,-622.960591,-151.075074
158.096985,-622.009376,-150.981655
162.940187,-620.970839,-150.938466
167.017480,-618.992679,-151.047683
170.987742,-618.009250,-151.056163
175.015817,-615.952306,-151.000467
178.989046,-613.999603,-151.054682
184.995601,-612.994542,-150.945044
188.967973,-610.900735,-151.010123
194.066381,-609.024656,-150.987649
203.982131,-603.993341,-151.076507
208.946477,-601.944192,-151.025099
213.994834,-600.094055,-151.004592
219.940343,-596.991782,-150.973049
225.045144,-593.993146,-151.025684
231.009904,-591.082276,-151.010230
235.984035,-588.001933,-150.959295
241.916662,-585.017068,-151.076787
247.997303,-581.982264,-150.988299
252.981680,-579.049550,-151.002265
258.910513,-575.031155,-150.980226
265.045953,-572.049208,-150.949347
270.989275,-567.952254,-151.072148
277.016998,-563.982170,-150.914979
283.039004,-559.989838,-150.969558
287.955770,-555.965273,-151.002636
293.970591,-552.066239,-150.989178
299.049039,-548.039860,-151.047122
305.016367,-543.992073,-150.910486
311.007247,-539.047463,-151.047092
316.010952,-534.950617,-150.960038
321.975090,-529.919877,-150.955548
328.165253,-524.967362,-150.942113
333.007593,-521.037885,-151.018984
339.036142,-515.997135,-151.067174
344.964419,-510.858904,-151.050378
350.004813,-505.006152,-151.049956
356.045930,-500.057076,-151.075324
360.990338,-494.894862,-150.975951
367.032930,-488.930420,-150.884647
372.045424,-484.042727,-150.966525
383.070631,-472.009918,-151.020409
387.958396,-466.064573,-150.962675
392.945451,-459.939624,-150.918105
397.987997,-454.011926,-150.972602
403.052327,-447.995354,-150.985515
408.049956,-441.992330,-151.029149
412.905578,-436.001086,-150.965015
418.059486,-429.971188,-150.983607
422.030688,-423.977811,-151.036982
427.001896,-417.994403,-151.004258
430.966427,-411.037979,-150.957652
436.028368,-405.004279,-150.988945
440.059630,-398.011634,-150.966753
443.954765,-391.940579,-151.024177
448.093699,-384.975775,-150.994268
451.959086,-377.940661,-150.954266
456.981821,-371.047664,-150.997026
461.043481,-364.010803,-150.983808
465.049874,-356.970076,-150.998318
468.949542,-349.972533,-150.952376
473.005748,-343.080585,-151.032584
476.982241,-334.962970,-151.026461
480.007995,-328.012998,-151.060827
485.067562,-319.990013,-150.932516
487.931207,-312.960902,-150.910029
490.995328,-304.966996,-150.979090
494.979458,-296.934210,-151.082655
497.995695,-289.934757,-151.030482
501.963354,-281.988851,-151.074211
508.000211,-267.056922,-150.996714
511.026809,-259.000406,-151.007492
512.938880,-250.943337,-150.946006
517.065693,-244.038740,-150.983781
518.924052,-236.081749,-150.913608
521.995708,-228.019658,-151.020104
524.022058,-220.039232,-151.071086
526.065047,-212.022003,-150.962743
528.965063,-205.048703,-151.086005
531.029561,-197.030868,-151.085782
533.071336,-189.056912,-151.037132
533.973507,-182.027248,-150.951429
537.084409,-173.992666,-151.034856
538.977356,-167.013598,-151.015831
539.989037,-158.956405,-151.010569
541.987896,-151.950781,-150.995441
543.040474,-144.080813,-151.010743
544.954006,-137.045900,-151.040114
545.950432,-129.909610,-150.908212
546.928966,-122.013306,-150.962687
549.024603,-114.931045,-151.047986
549.976170,-107.943577,-151.077840
550.994901,-99.971295,-151.074113
550.930080,-92.968010,-150.971062
551.980555,-85.965617,-151.008432
553.012848,-79.025226,-151.057551
554.081357,-71.020063,-151.014620
554.944857,-64.084126,-150.987803
555.966414,-56.944378,-150.956505
555.948520,-50.017875,-150.915778
555.921034,-43.045216,-151.100213
555.981358,-36.056893,-150.958128
557.052561,-30.045912,-150.969642
556.985365,-22.984021,-150.979955
556.993341,-17.038720,-150.979617
558.050685,-10.009503,-151.053959
557.967088,-3.984203,-150.961188
557.968938,-0.099494,-150.940246
557.973786,5.907580,-150.933684
558.076680,11.988458,-151.098728
558.005293,16.952695,-150.978092
556.995153,22.019063,-151.003471
557.062231,26.061694,-150.996706
557.016687,31.083485,-151.118814
556.990514,34.990303,-150.996124
556.982378,38.922768,-151.033704
555.921043,43.005288,-150.954553
555.941205,46.998196,-151.040841
555.975357,51.013679,-151.011581
555.980325,55.979991,-150.988166
555.971583,60.068215,-151.037292
556.016820,64.073997,-150.959765
554.910514,67.942253,-150.963676
555.042687,71.965310,-150.931913
553.962848,76.009866,-150.979814
554.005589,79.003379,-150.992316
553.011362,82.003141,-150.944256
552.976870,84.953135,-150.986287
553.016545,87.014367,-151.050371
553.055066,88.979582,-151.074448
551.929253,89.925235,-150.983715
551.976571,91.024157,-151.092069
551.923446,92.090588,-151.034221
551.959885,92.149101,-151.021443
551.949013,91.998958,-151.009188
552.098463,92.038658,-150.865107
551.964780,90.990458,-150.916952
551.951577,89.969177,-150.965786
552.998727,88.061529,-151.014989
553.109437,85.916388,-151.065415
552.911463,83.920267,-151.020584
552.953057,82.021719,-150.949155
554.008648,79.961065,-150.984782
554.039586,77.037518,-151.015098
553.918735,74.005298,-150.963934
554.964247,70.070867,-150.930401
555.010268,67.074339,-151.034875
555.995876,62.922756,-150.986067
555.992272,58.019173,-150.987781
555.989835,53.940829,-150.945531
555.921531,48.965111,-150.996171
555.944069,43.015200,-151.017630
556.992367,37.988830,-151.093505
557.000885,32.035366,-151.074267
557.071993,25.928866,-150.963462
556.940775,20.059971,-150.982386
558.066067,12.971062,-151.005703
557.928838,6.945596,-150.990456
558.038430,0.046593,-151.023730
558.010714,-5.999816,-150.972428
557.995672,-13.968810,-150.900920
557.057609,-21.005271,-150.990738
557.035737,-29.012882,-150.951159
557.089300,-36.964469,-150.941220
555.899087,-45.040030,-151.021979
555.903400,-53.000232,-150.988052
554.910168,-70.001024,-151.008267
553.919493,-78.050517,-151.037777
553.017096,-86.978670,-151.029554
552.008384,-95.000225,-150.946092
550.989177,-104.046088,-150.941297
550.124936,-112.996958,-150.973386
548.018435,-122.005028,-150.921095
546.013730,-130.982427,-150.954532
545.008947,-140.018710,-151.037649
542.966637,-148.970661,-150.958433
541.005603,-158.057059,-151.045453
539.993089,-167.010907,-151.116282
536.964737,-176.015912,-151.006526
534.034824,-184.991118,-150.948744
532.986990,-195.086873,-150.926799
530.029629,-203.984136,-151.054863
528.062489,-212.982258,-150.976918
524.022635,-221.985531,-151.038239
521.934578,-231.023047,-150.941741
518.039250,-240.041649,-151.039071
516.029652,-248.994372,-151.068515
512.975405,-258.105148,-150.994491
508.978376,-267.003824,-150.955521
506.014752,-275.039688,-151.042656
502.034017,-283.920734,-150.974937
498.954155,-291.935600,-150.962045
494.952277,-301.065672,-150.961593
490.981862,-309.057070,-150.913267
486.900338,-316.974411,-151.059635
484.003666,-325.972771,-151.092642
479.953210,-334.022699,-151.046277
474.978569,-342.014209,-150.964707
470.937948,-349.981239,-151.040902
466.014642,-357.947608,-151.091275
462.094066,-365.021465,-151.113953
457.992272,-373.034482,-151.048577
452.973371,-380.999194,-150.989804
447.972273,-388.052992,-151.024411
442.946222,-395.042738,-151.052742
439.055728,-403.030435,-150.933761
434.018676,-410.013488,-150.908747
429.010660,-416.956353,-150.966048
423.924724,-423.966802,-150.953443
418.930968,-431.041526,-150.965047
413.027385,-437.968650,-151.036668
407.975619,-444.917368,-151.023756
403.055442,-451.002358,-151.077374
396.979359,-457.969331,-150.992676
392.082269,-464.087801,-150.989711
387.013495,-469.977756,-150.965091
380.978456,-475.995190,-151.031491
375.045796,-482.024809,-151.076109
369.948567,-488.130702,-150.957164
363.977509,-494.027496,-150.932938
357.985338,-498.948961,-151.034035
352.024244,-504.944607,-151.094119
346.983163,-510.078316,-151.044123
341.040095,-515.033834,-151.046219
334.901255,-520.912906,-150.993780
328.961730,-525.917175,-151.104709
323.003612,-530.049404,-150.974387
316.975503,-535.010261,-150.917004
311.988997,-540.109373,-150.864026
305.976489,-544.122085,-150.945840
300.041685,-548.030801,-151.008787
294.098714,-552.048662,-150.971930
289.002973,-555.934861,-151.006933
283.018521,-560.000086,-151.062318
277.962744,-563.973805,-151.032819
271.957814,-567.988893,-150.944346
267.096000,-570.988192,-150.984622
261.032331,-574.909769,-151.068354
256.019546,-578.018020,-151.014920
250.075709,-581.035037,-150.959378
244.916372,-584.078179,-151.029157
238.999997,-586.950199,-151.057354
234.059342,-589.968892,-151.031003
227.976791,-593.064520,-150.999536
223.033243,-594.931496,-150.948450
218.001985,-597.939081,-151.019805
213.991985,-599.983262,-150.980454
208.954182,-601.904723,-150.974853
203.975205,-603.968920,-151.009197
198.931159,-606.961419,-151.013627
194.994124,-608.998999,-151.018347
189.935196,-609.992965,-151.022348
184.993554,-611.969692,-151.041309
180.990782,-614.048601,-151.018240
175.935688,-616.045822,-150.996920
172.064172,-617.032756,-151.085434
168.050739,-619.020003,-151.073427
163.982881,-620.014733,-150.976108
159.994408,-621.944732,-150.918588
155.983076,-622.941652,-150.920058
152.086962,-623.974324,-151.037585
148.001311,-625.038677,-151.064615
144.997167,-626.012983,-150.978452
140.991140,-627.066493,-151.066964
136.895687,-627.941614,-151.008456
134.024788,-629.060583,-151.050475
131.014498,-630.046033,-151.024187
127.978059,-630.981584,-150.951989
124.994757,-631.899636,-150.954721
122.038204,-632.988395,-150.970911
119.097268,-632.938964,-150.992948
115.915926,-634.015702,-150.939604
113.979011,-634.978806,-151.081100
111.059848,-634.992011,-150.925589
108.000214,-635.935790,-151.014705
106.001033,-636.041528,-151.056255
102.950378,-637.055893,-151.009666
98.948912,-636.956998,-151.075544
96.962026,-637.977114,-151.043856
96.012210,-638.016116,-151.096446
93.994991,-637.965727,-151.022195
91.897512,-638.941084,-151.060336
90.952969,-638.993380,-151.019201
88.917558,-639.029078,-150.974572
88.072047,-639.025506,-151.009268
