84.027010,-631.084758,-185.034912
84.009598,-631.097935,-185.045076
84.057583,-630.875182,-184.990838
83.970843,-630.966654,-185.020708
84.002586,-631.019836,-185.043666
84.017782,-631.093601,-184.883043
84.000173,-630.974960,-183.966198
84.001492,-630.945330,-184.031990
84.042993,-630.991921,-184.035645
83.934690,-631.066776,-184.107606
83.934382,-632.110293,-182.986042
84.035353,-632.023841,-182.967211
84.050173,-631.895852,-181.964548
84.052559,-631.985532,-181.899528
83.988874,-631.935491,-181.005951
83.969293,-633.086469,-179.914593
84.104151,-632.983116,-178.972952
83.891984,-632.982897,-176.935934
83.958694,-634.045088,-176.070640
83.946264,-634.073210,-173.982350
84.098735,-635.004853,-173.061688
83.973018,-634.974308,-170.923034
85.030169,-635.021561,-168.909826
85.007066,-635.993013,-167.002642
85.009315,-635.913552,-164.990004
85.050331,-637.013200,-164.028908
85.063703,-636.876395,-161.980443
84.943479,-637.948107,-159.975256
84.940560,-637.953644,-158.924543
84.963177,-637.964116,-156.998003
85.011095,-639.005454,-156.074620
85.014456,-639.005286,-155.030456
85.030629,-638.962080,-154.003753
84.956450,-640.020481,-153.065374
84.979867,-639.947271,-151.995093
84.936945,-639.991230,-151.941207
84.896000,-640.006337,-150.990382
84.922885,-640.041192,-151.000561
85.043758,-640.052341,-151.016129
84.985871,-639.968591,-151.025793
84.989843,-639.953634,-150.965609
85.067558,-640.022486,-150.996961
84.986643,-639.958479,-150.964006
85.019574,-639.900899,-150.965243
84.940896,-639.967510,-151.005474
84.987022,-640.041558,-150.969832
86.014880,-639.943226,-150.945624
86.079427,-640.008783,-151.018175
86.000186,-640.005531,-151.044227
86.879789,-640.024104,-151.045079
87.997206,-638.986001,-150.973141
88.994482,-638.981056,-150.910982
90.996551,-638.931505,-150.972312
92.001373,-639.002600,-149.925335
93.962205,-638.982971,-150.002921
96.045515,-638.074006,-149.051804
97.966568,-638.030860,-149.022755
100.915409,-638.013794,-149.114399
103.005854,-637.034359,-147.913811
106.985557,-637.017346,-147.991886
110.060315,-636.088105,-148.005636
114.016397,-635.048362,-146.914190
116.951000,-634.967872,-146.916884
121.017005,-634.114350,-146.993233
125.017132,-633.003298,-146.909494
130.039543,-630.996224,-146.916974
134.962314,-630.052071,-145.994124
139.025519,-629.002649,-145.938358
144.007678,-628.078828,-145.990091
148.928728,-626.066005,-146.012398
153.984412,-623.967988,-146.087644
159.878494,-623.012127,-146.060322
164.937990,-620.977447,-146.026626
169.971221,-619.018195,-145.949650
176.040062,-616.993568,-145.924547
182.964932,-614.029150,-146.036161
189.052987,-612.047125,-146.013480
194.980884,-609.928766,-146.117677
200.969189,-606.928692,-145.981723
207.019879,-604.029085,-145.925047
213.051937,-601.056333,-145.947229
220.009045,-598.011251,-145.988723
226.968143,-595.031046,-146.013897
233.992589,-590.953147,-145.987489
239.998997,-587.981699,-146.036675
247.061171,-584.038789,-145.949665
254.088716,-579.967832,-146.058735
260.959249,-575.993799,-146.007663
266.990076,-571.040760,-146.017774
274.069506,-567.045907,-145.968387
281.904084,-561.921225,-146.039716
289.060512,-556.855608,-146.128799
295.037153,-552.028718,-145.981789
303.140957,-546.898936,-146.102194
310.064514,-541.955480,-145.953946
315.995071,-535.944436,-146.011090
323.995446,-530.998393,-145.959161
330.963111,-524.980881,-145.948269
337.981556,-518.013584,-145.975386
345.077619,-511.927715,-145.998033
351.981332,-505.989013,-145.910115
358.977186,-498.986419,-146.019074
365.026609,-491.972233,-146.008995
372.030215,-484.974272,-146.015882
378.990111,-477.992565,-145.958677
385.982912,-470.968943,-146.041393
392.021784,-462.992298,-146.012275
397.959894,-456.008384,-145.950933
403.901626,-448.052634,-146.065395
411.035429,-440.992383,-146.027141
417.054947,-433.052486,-146.013303
423.049361,-423.982485,-145.895179
429.044125,-415.948454,-145.970035
435.017721,-408.019528,-145.934606
441.010869,-399.005533,-146.037807
445.987948,-390.910998,-145.993772
452.038739,-382.012110,-146.041902
461.977076,-364.949037,-145.958908
466.926236,-355.954231,-145.993013
472.034494,-346.040499,-145.979229
476.001159,-336.945270,-145.980801
480.975451,-327.942540,-145.975780
485.000989,-318.991133,-146.001031
489.987961,-309.064875,-147.054866
494.033163,-299.904270,-147.011815
497.918267,-290.055461,-146.948542
502.011284,-279.947354,-147.017534
507.062133,-271.025967,-146.975371
509.983709,-261.083622,-147.007152
512.962387,-251.025903,-146.942639
517.002032,-241.016670,-147.007074
519.977577,-231.041095,-147.082093
522.955683,-220.924139,-146.935929
525.912124,-211.043839,-146.950798
529.009478,-201.018501,-147.046060
532.003674,-191.935028,-146.997767
533.962531,-182.017388,-147.112621
535.987523,-172.033363,-147.055109
539.027357,-162.047427,-146.973199
539.909816,-153.077054,-147.008226
543.025973,-143.011405,-147.043638
545.018416,-129.989626,-147.054280
546.000067,-121.058333,-147.023376
547.951519,-110.952220,-146.981095
548.952317,-105.025686,-146.988606
550.988888,-95.043715,-147.000026
551.034814,-85.028742,-147.012302
551.982976,-75.968870,-147.008982
554.017760,-62.961703,-147.074623
554.968435,-53.985680,-147.008760
555.051782,-44.909094,-146.993101
556.013906,-36.058451,-146.945803
556.013843,-26.033702,-147.056079
556.055428,-17.057520,-146.978837
556.037389,-7.939241,-146.991255
555.974606,0.012869,-147.004167
556.035689,9.040920,-146.974627
555.921781,17.909648,-147.011192
556.033631,26.957405,-147.056441
555.995966,34.987161,-146.998351
555.958260,44.011751,-147.010637
554.985009,52.022542,-146.982249
554.980149,60.023977,-146.989565
553.924950,67.921582,-145.965468
552.959167,75.003674,-145.946780
551.915200,83.015531,-146.024579
551.991489,88.984871,-145.955348
551.014388,95.969419,-146.074774
551.013140,102.972555,-146.029442
549.982002,108.999572,-146.000582
548.990151,115.025215,-145.862186
548.014346,120.050286,-146.111227
546.966578,126.048116,-145.975803
546.006993,131.036152,-146.010977
544.974977,135.947880,-145.958020
545.027817,139.945629,-146.022681
543.953545,144.074994,-145.991580
543.923193,147.952271,-146.031951
542.967053,150.977427,-145.844472
542.005212,154.094916,-145.964297
542.107188,155.908214,-145.966899
542.033090,156.055800,-146.052149
542.035233,154.884443,-145.971503
543.045375,154.097240,-145.957837
543.951009,150.970056,-146.078619
544.051683,148.048451,-146.085957
545.083364,145.024152,-145.960663
544.978135,140.999296,-146.024061
546.023441,135.954788,-146.032402
547.040958,131.911043,-145.980584
547.971560,126.981341,-144.852973
550.052880,120.934851,-145.088599
551.015552,115.942537,-145.004721
550.890305,110.897896,-144.939215
551.103842,105.989158,-145.048542
552.031983,102.008610,-145.084734
553.103865,96.902821,-144.918547
552.993719,94.004404,-145.028969
554.006573,90.044085,-144.907667
553.915665,86.000183,-145.104185
555.038953,81.884110,-144.891218
554.944405,77.963498,-144.985897
555.935021,74.039564,-145.008205
555.902281,69.994714,-145.047524
555.924558,65.936124,-145.028614
556.086449,61.051633,-144.961066
557.037559,56.137458,-144.930164
556.902737,50.996001,-144.939204
557.980605,45.025065,-145.061637
558.018833,40.092491,-145.035329
558.028056,33.983970,-144.915334
558.964220,28.983405,-145.041316
558.967802,22.972068,-144.959147
559.044243,16.881471,-145.078854
558.943166,9.965918,-144.982642
558.931896,3.915748,-144.937793
559.014955,-1.967741,-145.043117
558.986307,-9.075033,-144.972701
558.939383,-16.015713,-145.049798
558.980435,-24.002490,-145.042277
558.040941,-30.931782,-145.056241
558.047067,-39.053927,-144.964570
557.018664,-46.985641,-145.001149
556.994721,-54.038802,-144.929890
556.039257,-61.970793,-144.989138
556.004547,-69.982898,-144.980335
555.069349,-77.966047,-144.952427
553.973330,-87.016216,-145.043293
552.941652,-95.043642,-145.053542
551.941811,-103.002829,-145.016935
550.997958,-112.062267,-144.971301
549.911702,-120.019173,-144.949363
548.023281,-128.983676,-144.996338
546.064243,-136.978658,-145.020464
545.035161,-145.949503,-144.936901
543.075654,-153.949095,-144.894481
540.946628,-162.965795,-145.041308
539.998973,-170.981724,-144.987654
537.994549,-180.065869,-144.990528
534.939603,-189.051880,-144.902640
533.042476,-196.977899,-144.986417
530.024337,-206.005127,-144.993127
528.973535,-214.012354,-145.060310
522.992822,-232.022845,-144.988028
519.948777,-241.132081,-145.025502
517.018780,-249.011318,-145.024716
513.922173,-257.055224,-145.001476
510.949110,-265.973438,-144.896497
507.094125,-274.027743,-145.056862
504.007309,-281.956863,-144.990912
501.028366,-290.087986,-144.975869
497.027155,-298.008851,-145.018125
494.084852,-306.037073,-144.985141
490.988304,-314.034615,-144.952172
485.960311,-321.950988,-145.043804
481.969447,-330.035539,-145.031580
479.083480,-338.060134,-144.969489
474.072960,-344.884827,-146.063382
469.875209,-353.015565,-146.088378
465.989154,-359.987021,-145.945713
462.059907,-367.970768,-145.904954
457.965498,-375.069281,-147.036340
452.916258,-381.999368,-146.961391
448.001204,-388.982390,-146.921701
444.064246,-395.994347,-148.050810
438.991376,-403.034543,-148.076773
434.948614,-410.093009,-149.017079
430.016136,-415.997288,-148.986290
425.055256,-423.006529,-149.939491
419.985934,-429.032649,-149.960268
413.930111,-436.045576,-150.956006
410.092664,-441.912047,-151.025933
405.055842,-447.880326,-152.047521
399.081994,-454.008231,-153.107541
395.023514,-459.961389,-152.961947
389.999499,-465.051620,-153.949488
384.931940,-470.994113,-154.006607
379.975396,-476.022240,-155.015485
374.980355,-480.977062,-154.956527
370.041993,-485.917527,-155.956752
365.037003,-492.006006,-155.953045
360.020899,-495.947430,-156.001987
354.078545,-501.077098,-157.028957
349.032706,-506.080964,-157.032037
344.008204,-510.993711,-156.976152
338.989412,-515.002175,-157.019112
334.036412,-520.070918,-156.985864
328.941662,-523.947141,-156.979041
323.967775,-528.055608,-156.898243
319.010070,-531.987242,-157.053918
313.987165,-535.946991,-156.976379
308.944887,-540.008294,-157.135524
303.940115,-543.915218,-157.066835
298.968359,-548.001792,-157.049369
294.090877,-551.019317,-156.898208
288.987766,-555.018459,-156.955603
283.877730,-557.974209,-156.994667
278.973318,-560.998279,-156.963116
273.959604,-564.093911,-157.034585
270.030940,-568.099056,-156.980673
265.032523,-569.989295,-156.977179
261.010316,-573.016495,-156.951393
255.949583,-576.044935,-157.039742
251.047358,-578.997158,-157.047917
245.995150,-581.971906,-157.019603
242.074274,-584.054537,-156.946407
237.022841,-586.017107,-156.954030
232.954917,-588.972827,-156.969964
227.997098,-591.036659,-156.989891
223.956439,-592.955132,-156.941341
220.105300,-594.971778,-157.050614
215.968192,-597.071170,-156.962479
212.081108,-599.126789,-156.987780
207.939660,-601.030893,-156.952483
204.092902,-602.949106,-156.966598
200.938760,-603.963852,-156.906472
195.986726,-606.017353,-157.053807
193.047286,-608.021306,-156.982469
190.001735,-608.986758,-156.958131
186.006645,-610.067796,-156.974686
182.982381,-612.083081,-157.037392
179.027732,-612.955061,-156.992151
175.934375,-614.004055,-156.946795
173.005001,-615.139710,-157.010954
170.004200,-615.956662,-156.949591
166.950730,-618.042630,-156.915779
164.010827,-617.970650,-156.958728
161.979817,-618.943997,-156.970580
158.978567,-619.950044,-156.986929
156.962975,-621.057095,-157.054810
153.974591,-622.102891,-157.026067
152.038068,-622.955327,-157.015285
148.951769,-623.006948,-156.992019
146.910157,-624.005934,-156.964668
146.007349,-625.011054,-157.089756
143.024893,-624.963727,-156.980993
140.972348,-625.977938,-156.984727
140.049612,-625.978296,-156.994019
138.013760,-626.932193,-156.951716
136.033666,-626.953745,-157.017759
134.959448,-628.013195,-156.993378
133.970856,-627.957741,-157.034223
131.974798,-627.949517,-157.091969
131.066725,-628.954001,-157.049785
130.058862,-628.969730,-157.155551
129.033989,-628.988652,-157.002660
128.005357,-628.986708,-156.960718
126.940971,-629.987821,-156.978556
125.986555,-629.950790,-156.955384
126.042169,-630.062471,-156.955214
125.003395,-630.001358,-156.969821
