392.035919,-440.054505,-84.023970
392.045532,-440.006662,-82.988709
391.991390,-440.047779,-83.012582
391.981059,-440.973542,-81.941993
392.950945,-441.028855,-81.885614
393.040206,-440.987653,-81.983500
393.039536,-441.001395,-82.996034
393.010448,-441.983702,-83.059885
393.064376,-442.038561,-83.949837
392.907416,-441.986723,-83.998748
393.030907,-441.965974,-85.031223
392.983734,-442.045499,-85.986311
393.054741,-441.954723,-86.016664
392.896604,-441.996125,-86.874045
392.937366,-441.981000,-87.910859
392.927362,-442.047474,-89.052714
392.998477,-442.063287,-88.975661
393.023069,-441.969475,-90.118901
394.049742,-442.119066,-89.912887
393.934491,-441.994220,-91.038403
394.046582,-443.052108,-91.018423
394.060551,-442.978277,-90.892057
394.012718,-442.917615,-90.943276
394.011066,-443.033201,-91.008574
394.025135,-443.014793,-90.975899
393.948100,-442.955667,-90.964590
393.989366,-442.015934,-90.914747
393.957803,-441.996965,-91.021166
394.011381,-441.989376,-91.003691
393.969656,-440.954111,-91.012829
394.969496,-441.076638,-90.016454
395.037048,-440.045855,-89.978110
396.018714,-439.005618,-89.929704
396.997363,-438.026175,-89.080099
397.074665,-436.994499,-88.964332
398.050070,-436.012118,-88.020582
398.000474,-435.094575,-86.907462
398.954760,-433.984623,-87.082508
400.047418,-431.993433,-85.926937
401.002081,-430.907874,-86.040037
401.985481,-428.942835,-85.007878
402.978352,-428.026534,-83.963051
403.007595,-426.006710,-84.026197
404.054607,-423.923923,-82.948409
405.962681,-421.016492,-81.993848
406.997703,-419.043276,-81.036885
408.968339,-417.016228,-80.950894
409.081551,-414.033863,-79.994418
410.977509,-411.971679,-79.052319
412.052939,-408.997787,-77.992063
413.955794,-406.068735,-77.996651
413.953566,-404.014395,-76.906841
415.977469,-400.963668,-76.970475
417.982686,-397.985631,-76.052204
420.031275,-393.907349,-75.903380
419.900318,-391.017528,-75.983728
422.011581,-387.945572,-76.006655
424.001626,-384.030787,-75.998029
424.999339,-381.079622,-76.998879
426.036227,-377.988502,-76.996347
427.950159,-374.136112,-78.080189
429.067733,-370.042586,-79.028498
430.984063,-366.975648,-80.978075
431.890674,-362.955972,-83.064447
433.031300,-358.992772,-85.013185
435.032080,-356.026894,-86.997722
436.020851,-351.985406,-88.987963
436.010271,-348.025529,-92.018987
439.112479,-341.031824,-98.015377
439.928915,-336.934433,-100.966956
441.021414,-333.045939,-103.997946
441.992376,-330.064897,-106.984558
442.010434,-325.989237,-109.956929
443.026267,-323.055699,-112.928701
443.054627,-319.097533,-117.076248
444.002153,-316.012127,-120.003453
444.049431,-312.967743,-123.950414
443.939441,-309.971827,-127.005650
445.008561,-307.053850,-131.021683
444.980814,-304.029375,-134.015682
445.037103,-300.986688,-138.008420
445.078147,-298.073274,-140.933340
443.975281,-296.022003,-145.014976
443.985748,-293.053557,-147.955283
444.036577,-290.955116,-150.948473
442.982877,-288.920381,-155.049809
443.018056,-286.972354,-157.943932
441.915076,-284.887856,-161.051077
442.038766,-283.974566,-165.099396
441.952384,-281.966176,-167.966312
441.013741,-280.898691,-170.939163
440.054701,-280.035899,-173.944508
438.929463,-279.974493,-176.978783
437.959865,-278.951554,-179.976536
436.984602,-278.950335,-183.041031
436.043981,-279.056477,-184.950545
435.995498,-279.979527,-188.090388
435.032205,-279.937597,-190.940313
433.087648,-281.054294,-193.021883
430.978037,-284.074427,-197.998301
429.973433,-285.009957,-201.090088
428.034843,-286.959001,-202.872503
425.981674,-288.970512,-206.019745
425.080453,-290.982406,-208.040618
422.896920,-292.956439,-210.100862
420.982582,-295.998282,-212.023467
419.992074,-299.016279,-213.968208
418.056115,-301.915683,-215.021500
416.048036,-305.004536,-217.006689
413.972848,-308.039661,-219.024834
412.963258,-310.880032,-219.974472
410.993454,-315.002769,-221.093066
409.024244,-318.970892,-221.841379
406.934045,-323.072493,-223.029814
403.933286,-327.003897,-224.032316
402.920503,-331.057155,-224.996428
399.895519,-335.003818,-224.986427
397.999758,-340.021976,-225.045053
396.034007,-345.041487,-225.022363
392.984772,-349.050876,-225.034867
391.979809,-353.975762,-225.009757
389.035853,-358.946583,-224.007075
387.047530,-363.935400,-223.969901
384.943263,-367.952705,-222.959344
381.993173,-373.085806,-222.139606
380.008105,-376.993361,-220.990633
377.943466,-381.925686,-219.986891
376.027170,-385.987008,-218.965015
373.996446,-390.081644,-217.018340
371.025516,-399.048046,-212.959431
368.901356,-401.928059,-210.915903
367.070551,-406.067433,-208.961556
366.058946,-408.961616,-207.021686
365.030254,-412.078258,-203.957708
363.998773,-415.038555,-202.017242
362.928280,-417.945642,-198.958510
363.063221,-419.953746,-195.996979
361.983885,-421.969616,-192.949607
361.011114,-423.965583,-189.966227
360.971615,-426.005214,-187.053515
361.074384,-428.003276,-184.061997
360.965765,-429.068482,-180.007502
360.984300,-430.024840,-177.023583
360.954805,-431.002456,-173.965490
361.030749,-431.965395,-171.046377
361.985341,-431.931298,-167.015753
362.004167,-431.924384,-164.032048
363.005309,-432.028287,-160.970434
363.986747,-432.048561,-156.948805
364.967663,-432.009752,-154.013595
365.067624,-430.969169,-150.958003
366.106601,-429.966781,-147.967785
368.026291,-429.022316,-144.982969
369.006657,-428.008881,-141.999891
369.988630,-426.052732,-139.011566
371.083440,-424.961988,-136.040693
372.016971,-422.971545,-134.004272
373.968876,-420.982059,-132.048523
376.086410,-418.953679,-129.001214
376.014550,-417.015256,-127.043056
378.044711,-414.001349,-125.979610
380.037975,-411.979230,-123.993700
380.943099,-408.984393,-122.031431
381.925363,-406.929926,-119.967388
384.064227,-403.998149,-118.001998
384.988198,-402.080672,-116.981525
387.116161,-398.987897,-115.089434
387.963281,-395.945483,-112.983861
389.006532,-394.047427,-112.000125
391.114862,-391.952622,-110.031013
391.999295,-389.000283,-108.903207
391.993524,-386.926076,-107.014048
392.904044,-385.034753,-106.061428
394.988026,-383.037014,-103.847603
395.993374,-380.942269,-102.895933
396.868629,-379.052916,-102.032346
398.022282,-378.006503,-100.041283
398.033771,-375.977148,-99.017518
398.001247,-375.077814,-98.042280
399.003837,-374.008911,-97.035719
398.968223,-373.114820,-94.963372
400.074808,-371.980047,-93.983319
400.046972,-370.987867,-92.948756
401.046082,-369.956158,-91.961495
400.982180,-369.976765,-92.074816
401.069024,-369.007842,-90.962075
401.011855,-369.102336,-89.987956
401.044862,-368.972643,-88.976983
400.985165,-368.932116,-89.058921
401.059739,-368.977737,-88.018928
401.029747,-369.001959,-88.079214
401.025976,-370.061809,-88.069978
400.958709,-369.983164,-87.995895
