226.027408,-513.038177,-281.026607
226.035969,-513.058091,-280.957777
226.020606,-512.946391,-280.928204
226.016310,-512.987315,-281.003542
225.966670,-513.076673,-280.962376
225.973886,-513.024288,-280.963424
226.086328,-512.927157,-280.977035
226.048306,-513.046645,-280.933671
226.035205,-512.963077,-281.047813
225.955335,-514.040814,-280.937923
226.041907,-513.983032,-280.996318
225.024351,-513.967527,-281.008792
224.970515,-514.058020,-281.000243
224.019050,-514.000611,-281.028406
224.071004,-514.977206,-280.910513
223.021742,-514.980687,-280.984053
222.012283,-515.946846,-280.977673
220.108924,-517.106156,-280.997063
219.015715,-517.941960,-281.038707
217.963715,-518.991358,-281.067401
215.932365,-520.009077,-280.994440
213.050346,-521.067008,-281.060084
212.005358,-522.092996,-281.007158
208.974950,-524.018212,-280.072768
207.013786,-525.026322,-279.946448
205.046293,-526.033554,-280.013635
201.016271,-528.009488,-280.015319
198.053235,-529.898557,-279.982005
195.967059,-531.986626,-279.980086
191.027592,-534.042261,-280.016726
187.975562,-536.029312,-278.869021
184.968928,-538.026308,-278.034505
180.052558,-541.028892,-277.048613
177.008780,-543.041652,-276.058753
172.883181,-546.048870,-275.103009
167.976492,-549.020444,-272.990597
164.024195,-551.025773,-270.940448
159.975443,-553.977625,-268.087374
155.055584,-558.024926,-265.993410
151.063972,-561.016092,-262.984801
146.043940,-563.942354,-260.062089
140.963650,-566.980349,-255.985848
136.023126,-570.064188,-251.984778
131.927393,-573.983189,-248.114297
126.930981,-576.940495,-243.005482
123.000796,-579.898013,-237.927181
117.974995,-583.009553,-233.038069
113.995457,-585.994927,-226.930095
109.022371,-588.975081,-221.035115
104.979029,-591.998701,-215.005280
100.984456,-595.007470,-207.882691
96.933734,-598.012842,-201.041958
93.954590,-599.989164,-193.995642
87.029005,-605.068466,-178.033930
84.978726,-607.042188,-170.885657
83.048410,-608.953089,-162.014640
80.893736,-611.076757,-154.070030
79.917876,-612.975706,-144.979157
78.950720,-613.975268,-136.971252
76.944386,-615.014792,-127.916966
76.031786,-616.075417,-118.970692
75.972206,-617.006830,-109.959474
76.055997,-618.046108,-100.976711
76.149408,-618.016451,-92.046767
76.059558,-619.039790,-82.996365
76.926404,-619.029811,-75.012938
77.048487,-618.984771,-65.940070
79.015883,-617.950306,-58.057672
80.007251,-617.932474,-49.076662
80.986309,-616.931202,-41.048809
83.027647,-616.108660,-32.931735
85.047931,-614.956467,-25.001861
86.978155,-614.112280,-18.009596
89.063808,-612.042707,-9.941877
92.110372,-610.974345,-2.991923
94.988148,-609.017045,2.979435
97.035918,-606.994117,9.047184
100.986341,-605.004465,15.956340
103.099675,-603.038818,22.066653
106.933143,-600.939406,27.873074
110.058125,-597.918739,33.018525
113.967781,-595.985755,39.015420
117.944673,-593.045609,42.950422
121.986275,-591.034244,47.892592
125.889762,-588.035582,53.034701
130.014081,-585.041066,56.909329
135.026906,-582.023494,60.024705
138.986922,-579.025831,63.998808
143.022770,-574.929002,67.004632
147.941176,-571.932543,70.018765
151.986214,-568.970051,72.029357
157.010605,-564.979181,74.007290
162.949066,-561.997221,77.051492
168.002505,-558.013976,79.118732
173.035285,-554.061864,80.034592
177.999333,-551.064516,81.978709
182.967764,-547.006862,82.975619
188.046384,-542.993605,85.052814
192.991554,-537.894660,86.023256
198.969250,-534.043932,88.036060
203.967856,-529.928575,89.027312
210.001300,-524.985357,90.048273
215.050854,-521.055022,90.996518
221.070383,-516.041091,92.047237
226.100649,-512.040099,93.039035
232.001091,-507.038887,92.975349
236.962946,-501.919347,94.071371
243.084317,-496.932121,93.924438
248.007018,-492.019874,93.978271
254.050952,-487.045779,94.025972
259.072918,-481.991367,93.005168
265.000800,-477.036766,92.004817
270.008785,-472.035049,91.040776
275.013453,-467.008105,89.978934
281.023570,-461.010716,88.980028
285.959874,-456.085705,87.128824
292.013639,-451.055583,84.961160
296.936485,-446.054488,82.965020
301.990123,-441.080056,80.947283
306.951617,-436.044015,78.037879
312.045920,-430.043915,75.070635
318.058771,-425.087643,71.051871
322.948955,-420.041397,67.996148
327.099141,-414.963530,63.007162
331.973517,-409.995966,59.144476
337.999668,-405.018665,53.995915
343.019441,-399.949722,50.053419
347.011935,-395.020117,43.980711
351.028179,-390.025614,38.882032
354.904085,-385.141133,34.015896
360.069397,-380.054122,28.081919
364.022906,-375.889892,22.043448
367.031693,-371.003535,15.970338
371.015814,-365.978826,9.042372
374.039692,-361.997620,2.889918
376.897899,-356.973390,-3.040929
380.997754,-353.014369,-9.895133
382.970088,-349.051338,-16.010052
385.953631,-345.085283,-23.027528
388.080268,-341.024494,-30.975902
390.932304,-337.064587,-37.973266
393.061239,-333.001362,-45.031006
395.013512,-329.018894,-53.055272
396.949873,-325.955669,-60.048239
398.060663,-323.012017,-66.994634
401.061773,-317.000794,-81.974905
402.045743,-314.043424,-89.092311
403.043740,-311.035188,-96.991707
403.120960,-308.897753,-104.046929
403.108471,-306.064087,-110.998688
403.915380,-304.013375,-117.983165
404.027270,-301.924990,-125.094116
404.043036,-299.853856,-131.907809
402.940631,-298.917249,-138.993600
402.896586,-297.946611,-145.975713
402.990833,-296.989084,-153.047678
403.029407,-296.039155,-159.054331
402.061924,-294.919638,-165.885609
400.894504,-295.019935,-171.966935
399.998457,-294.837974,-178.995124
398.025640,-295.027397,-185.095286
397.966620,-294.952862,-190.990951
396.051618,-296.010098,-195.928446
393.978574,-297.003471,-202.007840
391.948313,-298.079144,-208.128796
390.946418,-299.994386,-212.994653
389.018496,-302.046821,-217.964417
386.965244,-304.033156,-222.993028
384.880166,-305.963533,-228.015107
381.901952,-307.890994,-233.042474
380.104195,-310.998272,-237.018560
376.936182,-313.987034,-242.027396
375.017140,-316.922416,-246.052138
372.032962,-320.106979,-249.981174
370.058890,-323.044298,-254.019329
367.030341,-325.933796,-258.001807
363.923684,-330.004193,-261.940485
360.959861,-334.054979,-265.042041
357.919555,-336.977214,-268.948840
354.994545,-340.999163,-271.963357
352.176384,-344.984077,-274.949609
348.999013,-348.972565,-277.933037
346.003500,-353.017889,-280.950704
343.060514,-356.943234,-282.924524
338.973010,-360.980691,-285.947652
335.981709,-365.977379,-287.957428
332.990027,-369.956152,-290.043160
330.148147,-374.046166,-291.999632
326.968713,-378.007759,-293.961689
323.052178,-382.001920,-295.970546
320.082407,-386.008230,-297.954619
316.065621,-389.946727,-300.027537
313.067622,-394.007734,-302.006759
309.038635,-398.071755,-303.986487
305.001334,-402.049837,-306.030746
301.972497,-406.008657,-308.024797
299.012186,-408.960954,-309.885093
294.956209,-413.033028,-311.000328
292.060383,-416.005821,-312.992428
288.999255,-418.936155,-314.972297
285.076082,-423.112491,-315.924916
282.959851,-426.014508,-317.933392
279.053102,-428.974740,-319.029993
275.959702,-431.996905,-321.010127
272.009256,-435.038545,-322.052288
270.050035,-437.993111,-323.019352
267.056851,-439.949466,-324.015451
263.983952,-442.952308,-325.054934
261.082091,-445.028324,-326.025629
258.951581,-446.930973,-327.028520
256.038116,-448.891727,-327.936485
253.967637,-450.958716,-329.026337
251.962849,-452.950087,-329.107678
250.082760,-454.990873,-330.024116
248.046478,-457.036930,-330.999567
246.049757,-457.935149,-331.002321
245.008292,-460.008697,-331.018418
243.055521,-461.985035,-331.028276
241.035253,-463.045544,-332.001382
239.035512,-463.986712,-331.978743
237.928608,-466.067234,-332.071253
236.977912,-466.979676,-332.026164
234.957593,-467.949794,-331.990093
233.912618,-468.948983,-332.052980
233.020094,-469.983945,-331.951448
231.873401,-471.980730,-331.994866
230.999452,-473.094320,-332.020884
230.010080,-473.048574,-332.028498
227.988195,-474.091885,-331.986438
227.981225,-475.024384,-332.058359
227.081591,-476.032788,-333.044022
225.906416,-477.061864,-333.007227
224.945830,-478.030503,-332.990774
223.995794,-478.074839,-333.147811
223.020365,-479.009243,-333.053757
223.007451,-479.942719,-332.994286
222.934892,-480.059507,-334.076577
222.013959,-481.038942,-334.048804
221.010774,-480.969440,-334.026899
220.043872,-482.010881,-333.985702
220.056227,-482.001347,-334.046299
218.959179,-483.081279,-334.056336
217.944400,-483.035830,-334.992758
