225.973704,-513.004512,-281.045297
226.017590,-513.008782,-280.922265
225.996131,-513.021116,-280.950295
225.973167,-513.003635,-281.031795
225.943715,-513.017774,-281.032168
226.030746,-513.003975,-281.015110
225.947806,-512.996707,-281.013432
225.965356,-512.931757,-281.022761
226.026260,-513.011284,-281.036325
226.056878,-513.926647,-281.012949
225.993002,-513.980010,-281.014304
224.994717,-513.962070,-281.067820
225.020166,-513.983149,-280.994253
223.981978,-513.998277,-281.044317
224.021702,-514.979909,-280.993350
222.982270,-514.974164,-281.049498
221.970326,-515.986732,-281.003248
219.980758,-517.008677,-280.990572
218.992807,-517.970364,-280.982509
217.941853,-518.988326,-280.948684
216.006057,-519.969767,-280.888647
213.004945,-521.002375,-280.984080
212.006132,-522.024742,-281.025237
208.987942,-524.014928,-280.004557
207.046674,-524.986041,-280.016888
205.009191,-526.079151,-279.953420
200.957281,-528.009900,-279.963575
197.952772,-529.990602,-280.021131
195.953103,-532.047218,-279.994320
191.013498,-533.970645,-279.962580
187.984584,-536.021853,-279.005247
185.049507,-538.029899,-277.996360
179.979238,-541.001797,-277.017418
176.953759,-542.993727,-275.990156
173.003149,-545.995229,-275.044488
167.970378,-548.965850,-273.018363
163.999708,-551.014564,-271.018810
160.009198,-553.990253,-267.990399
155.010584,-558.010661,-266.008598
151.034362,-561.004201,-262.992920
146.002902,-564.024929,-259.985366
140.996363,-566.964963,-255.983972
136.031898,-570.033571,-251.997060
131.983308,-573.950768,-247.995958
126.998514,-576.985301,-242.988705
123.007313,-579.994933,-237.986828
118.028876,-583.037521,-232.995536
113.971209,-586.037691,-227.001298
109.016974,-588.989102,-220.981859
104.972291,-591.991250,-214.942860
100.975295,-595.056490,-207.994859
97.061983,-597.993322,-200.987294
94.002655,-600.024854,-193.982425
86.981344,-605.048401,-177.973479
84.985579,-606.979192,-170.982464
83.048213,-609.060478,-162.018799
80.986776,-611.027872,-154.022369
80.028860,-612.992982,-145.008699
78.957696,-614.019808,-137.003647
76.996312,-614.998226,-128.003784
75.951873,-616.008389,-118.938268
75.983054,-617.024100,-110.024971
76.019543,-617.998231,-101.054290
76.025666,-618.009999,-92.015788
76.004657,-619.035491,-82.983825
76.989903,-618.991865,-75.040680
77.054136,-618.977117,-65.970570
79.016036,-617.968606,-58.002264
79.969671,-617.949275,-49.034453
81.010250,-617.024707,-41.034401
82.992839,-616.004679,-32.980983
85.020432,-615.054094,-25.014764
87.017320,-613.962314,-17.963271
89.001977,-611.990711,-9.992503
92.014830,-610.975688,-3.010468
95.027905,-609.004926,2.985081
96.951720,-607.041472,8.956056
100.969107,-604.929338,16.019400
102.974614,-603.013372,22.003243
106.957033,-601.028932,28.038460
109.964801,-597.957207,32.972502
114.032166,-596.015645,38.927574
117.999756,-593.064674,43.015181
122.020536,-591.017451,47.945607
125.965739,-588.020881,52.975953
129.988380,-585.040255,57.031948
135.018712,-581.966662,60.007927
138.994051,-579.014052,64.033485
143.002203,-574.954303,67.014420
148.000096,-572.011817,70.036605
152.044550,-569.043689,72.007281
156.943118,-565.018322,74.024295
162.987545,-561.949892,77.063316
168.007531,-558.023652,78.992840
172.997635,-553.962722,79.968032
177.930524,-550.971710,81.989931
182.993166,-546.986803,82.984320
188.055713,-543.022426,85.005720
193.007320,-538.004318,86.018153
199.074168,-534.006717,87.940414
203.989238,-530.003303,88.982777
209.956283,-525.048514,89.986180
214.972432,-521.020835,90.985097
221.027717,-516.011405,92.019535
226.009946,-512.030151,92.955003
232.026936,-506.946399,92.959594
237.027884,-501.985948,93.995804
242.977111,-497.025623,94.002467
247.991057,-492.022518,93.989662
253.995734,-486.983950,94.010585
258.971103,-481.996604,92.993155
265.005006,-476.958692,92.010538
270.013827,-472.037644,91.022683
274.998126,-467.008154,90.007645
281.007129,-460.999868,88.917895
286.062515,-455.950361,86.936934
292.060304,-450.952207,85.009192
297.012467,-446.004343,83.004228
301.972559,-441.029373,80.996422
307.030545,-436.005110,78.011156
311.966161,-429.954325,75.004295
317.989137,-425.011617,71.011562
323.019577,-419.963567,68.025035
326.997421,-415.011176,62.993513
332.019680,-409.988707,59.014497
338.024622,-405.054555,53.994094
342.979261,-400.019516,49.925392
346.988680,-394.977612,43.968274
351.041557,-389.996024,39.026272
354.996837,-384.992373,34.032520
360.015221,-380.017229,27.963314
363.981524,-375.987323,22.004888
366.964791,-371.019442,16.005105
370.924023,-366.033159,9.017952
373.996040,-362.034400,3.054856
377.002347,-356.979401,-2.979813
380.989694,-352.999827,-10.043174
382.958993,-349.003898,-15.986905
385.984127,-345.015541,-23.028127
388.044140,-340.991608,-30.994539
391.042232,-336.977600,-37.999416
393.003596,-333.027508,-45.045680
394.994513,-328.958414,-53.015695
396.990779,-326.016494,-59.997847
398.025383,-323.029643,-67.000633
400.975462,-316.992476,-81.988531
402.032975,-313.979391,-88.962169
402.972113,-311.010470,-96.969617
402.969220,-309.015229,-104.019218
403.042033,-305.997203,-111.019198
403.927736,-303.996217,-118.001655
404.041922,-302.014132,-125.029049
404.005520,-300.001569,-131.954534
403.014012,-299.009818,-139.010413
402.948961,-297.952630,-145.996997
402.996496,-296.994143,-152.991627
402.991577,-296.015117,-158.987917
401.933799,-295.005442,-165.977870
400.996654,-295.011570,-171.954308
400.000193,-295.038349,-178.987447
398.003959,-295.005974,-184.982460
397.983331,-295.026518,-190.992534
396.056042,-295.965765,-196.016794
394.015163,-296.946862,-202.000613
392.015162,-298.046400,-207.967527
391.048703,-300.070989,-212.996310
389.000586,-301.996210,-218.006422
387.043708,-304.018290,-222.992303
384.958805,-306.028989,-227.998112
382.043688,-307.998228,-233.021516
379.979803,-310.958291,-237.065448
376.991797,-313.958547,-242.034453
375.026109,-316.991968,-246.015602
372.040463,-320.018418,-249.986064
370.017569,-323.046655,-254.057306
367.029533,-326.023717,-257.977729
364.019504,-329.994972,-261.936871
360.999976,-334.018806,-265.024775
358.029119,-336.958283,-268.993853
355.006936,-340.997360,-272.018118
352.029755,-344.968579,-274.983264
348.984876,-348.997731,-277.999143
346.043617,-352.991827,-280.937537
343.023057,-356.999163,-283.008629
338.968492,-361.006023,-285.971083
336.029417,-365.981405,-287.977475
332.956087,-370.003998,-289.963524
330.016753,-374.015047,-291.985352
327.028150,-378.023586,-293.965384
322.982703,-381.974001,-296.016578
320.004032,-385.945147,-298.034708
316.013077,-389.991167,-299.996174
312.953760,-394.012598,-301.945087
308.995016,-398.002270,-304.025267
305.033662,-402.062475,-305.983896
302.037713,-406.023208,-308.001010
299.007597,-408.994753,-309.991166
294.983039,-413.016760,-310.965045
291.991920,-415.972256,-313.001338
289.002187,-418.969159,-314.995863
285.015868,-423.029874,-315.964233
283.043872,-426.017406,-317.969154
279.009165,-428.973581,-319.014037
275.998444,-432.017738,-321.032754
272.025622,-435.028048,-321.976323
270.016552,-437.979274,-322.996794
266.979821,-439.997536,-323.950244
264.053199,-443.084030,-325.030303
261.040720,-444.969688,-325.957709
258.984857,-447.062262,-327.000520
255.997603,-448.982964,-328.013948
253.985168,-450.979626,-329.039060
252.059054,-452.953347,-329.050967
249.998121,-455.003214,-329.998348
247.963759,-456.978760,-331.033843
246.042357,-457.947873,-331.004388
245.021497,-460.018313,-331.024004
242.966951,-462.049566,-331.031220
241.010425,-463.006800,-332.025483
239.023156,-463.995880,-332.004789
238.003066,-465.985509,-332.004254
237.004092,-467.068954,-331.999519
235.006373,-468.002042,-331.986168
233.988967,-469.001253,-331.961865
232.999599,-469.994924,-331.984646
232.036407,-471.944278,-332.033828
230.966202,-473.041392,-332.000907
229.953601,-472.943152,-331.991549
228.040846,-474.089260,-331.982881
227.997316,-474.964166,-331.995435
226.961482,-476.026446,-333.056871
225.977471,-477.050524,-332.991078
225.025452,-478.013544,-333.052205
224.011089,-478.032271,-333.015241
222.997579,-478.941595,-333.015896
223.016850,-480.027493,-333.014938
223.032680,-479.995600,-333.994359
222.029255,-480.964838,-333.977371
221.014695,-481.027479,-333.926156
219.983861,-482.051404,-334.029414
220.035769,-482.016488,-334.072693
219.008365,-482.991593,-334.005828
218.001564,-483.032220,-335.038177
