226.000000,-513.000000,-281.000000
226.000000,-513.000003,-281.000000
225.999993,-513.000092,-281.000000
226.000043,-512.999445,-281.000000
225.999851,-513.001928,-281.000000
225.999981,-513.000245,-281.000000
225.999894,-513.001365,-281.000000
226.007933,-512.897490,-281.000000
226.000774,-512.990003,-281.000000
225.970728,-513.510234,-281.000000
225.591726,-513.964686,-281.000000
224.997594,-514.000505,-281.000000
224.958292,-513.985439,-281.000000
224.983875,-514.032085,-281.000000
223.950193,-514.342932,-281.000002
219.653857,-517.234888,-281.000267
222.254812,-515.775305,-281.000030
220.424323,-516.787346,-280.999872
217.768344,-519.163519,-281.002460
219.035571,-517.951527,-281.000143
216.519888,-519.804194,-281.006024
215.662250,-520.114972,-280.994250
212.616966,-521.252986,-281.069619
204.168495,-526.408422,-279.992409
189.562032,-534.790123,-279.701686
202.681540,-527.140971,-279.992256
197.361067,-530.826823,-279.980869
195.135521,-532.406491,-280.033999
197.880948,-530.134495,-279.997105
209.306293,-523.822266,-280.074152
196.327371,-531.805817,-279.989006
177.928106,-542.319339,-276.312528
185.063303,-537.961562,-278.013822
177.530890,-542.603152,-276.167989
150.349601,-561.413539,-262.569651
140.142084,-567.460804,-255.313478
189.436472,-534.874840,-279.659558
133.952324,-572.082946,-250.006610
165.522522,-550.190100,-271.911368
152.602650,-559.881842,-264.267683
164.550439,-550.685088,-271.368935
155.458816,-557.632866,-266.223932
105.823877,-591.345007,-216.389621
168.090535,-548.953531,-273.038323
140.022582,-567.524016,-255.219391
126.093271,-577.620959,-241.896773
102.122094,-594.166589,-209.954801
157.068796,-556.347436,-266.844250
82.956340,-609.039144,-161.832903
133.270020,-572.819965,-249.295500
127.359784,-576.780125,-243.405081
79.631566,-613.563074,-141.121155
77.014139,-619.001982,-74.498977
128.274290,-576.262501,-244.373565
120.666503,-581.413044,-235.737652
117.407726,-583.409242,-232.232714
79.815451,-618.018317,-51.555811
76.006913,-617.154545,-108.851241
83.586480,-608.463318,-164.351939
76.710321,-615.187407,-126.357224
75.998516,-617.920565,-102.426259
87.805881,-613.125818,-14.581450
75.957733,-616.171244,-117.356798
76.646741,-615.233354,-125.953220
76.010487,-618.024439,-99.059261
115.746613,-584.694297,-229.685010
96.718007,-598.199524,-200.432445
76.158836,-619.074318,-81.567093
95.299984,-599.131106,-197.083496
81.058632,-610.919050,-154.321826
75.898729,-618.817070,-84.841153
80.078534,-617.945733,-47.992060
76.892929,-619.075650,-67.585561
116.903175,-593.800061,41.917814
96.075850,-607.728332,6.618416
101.541364,-604.544539,17.396726
76.682875,-619.057196,-78.151180
97.590757,-606.680147,10.120720
124.597881,-589.155116,51.290749
86.592863,-614.304015,-19.525383
89.595452,-611.716062,-8.263722
129.418948,-585.385236,56.569050
151.441329,-569.491582,71.765373
165.357926,-560.327623,78.108902
95.205510,-608.775067,3.598672
162.163962,-562.459803,76.575428
165.022920,-560.597358,77.964092
139.725387,-578.247190,64.675375
128.685274,-585.897587,55.943944
126.040927,-587.966127,53.049376
178.325423,-550.771319,82.090576
125.115000,-588.733209,51.925455
181.506755,-548.223004,82.658807
223.655901,-513.847579,92.642962
201.197413,-532.375472,88.552769
179.071955,-550.214789,82.260192
124.857328,-588.944540,51.609878
135.789976,-581.508784,60.654773
207.076083,-527.402544,89.481189
162.019763,-562.533742,76.501510
254.607027,-486.433473,93.931737
213.118755,-522.516187,90.644221
188.161866,-542.844596,85.049268
206.154676,-528.173028,89.331323
202.280145,-531.476581,88.743255
178.072895,-550.949599,82.021312
368.460836,-369.004951,13.392792
247.680742,-492.294737,93.989792
231.211579,-507.723039,92.954277
246.208873,-493.756333,93.955854
335.099921,-407.420788,56.403608
190.994333,-539.882435,85.601559
302.831950,-440.215548,80.559693
386.927330,-343.198994,-26.623387
238.931916,-500.366636,94.116226
263.429457,-478.323947,92.250177
188.138184,-542.867529,85.042248
272.019261,-469.943544,90.549815
376.449018,-357.722916,-2.017549
376.054286,-358.312880,-1.278804
307.395754,-435.529546,77.761460
387.724519,-341.484297,-30.066246
366.076879,-372.516274,17.814158
292.456895,-450.589179,84.835402
371.027156,-365.968685,8.951150
269.171899,-472.869497,91.184867
375.039151,-360.077466,0.761433
312.004883,-429.995084,74.996785
344.799772,-397.815772,47.507978
362.578894,-377.629029,24.386353
397.750950,-323.613702,-65.505812
392.522908,-334.117477,-42.971601
355.492914,-384.453306,33.408015
403.043205,-309.306175,-103.107145
392.245845,-334.741219,-41.869264
392.557313,-334.037901,-43.113664
296.950787,-446.051553,83.019102
358.913072,-381.006757,29.353967
335.350676,-407.216154,56.187910
321.869838,-421.290952,68.893328
393.499165,-331.867110,-47.137434
394.885575,-329.185785,-52.594279
345.988435,-396.295555,45.584171
383.571451,-306.859896,-230.443132
328.848894,-412.971988,61.335387
398.768008,-295.016439,-182.356335
361.615966,-378.542773,25.818733
354.285842,-385.826713,34.876545
376.350526,-314.905820,-243.324915
403.000378,-297.997123,-146.019785
391.363372,-299.257162,-211.340764
403.037651,-296.740433,-154.657676
368.739221,-368.657779,12.913386
393.733059,-331.362610,-48.117678
397.505682,-295.265343,-192.811160
400.534657,-317.950115,-79.645635
340.750410,-402.423643,52.012697
402.085584,-295.039522,-165.531726
397.700850,-295.167394,-192.279657
403.333684,-299.295099,-136.528215
354.618726,-341.524273,-272.364578
371.161437,-321.199371,-251.592719
394.906024,-296.576736,-199.086415
360.493975,-334.533927,-265.622298
322.047157,-383.224794,-296.612047
358.935382,-336.029694,-267.766583
353.883285,-342.514718,-273.090575
397.014259,-295.503875,-193.900210
403.199798,-305.447777,-112.587014
400.843623,-295.016838,-173.518733
390.133251,-300.999831,-215.421583
397.530932,-324.259138,-63.970063
318.316642,-387.707562,-298.853531
388.406011,-302.540593,-219.383564
391.914025,-298.101463,-208.350970
371.692514,-320.392210,-250.523535
394.769975,-296.646793,-199.528430
312.108429,-395.010827,-302.502366
281.387274,-427.266480,-318.453026
398.057776,-294.949232,-190.256630
363.000436,-331.439017,-263.019010
398.060752,-294.944070,-190.145539
254.250980,-450.716684,-328.926972
285.819648,-422.055965,-315.688844
381.640674,-351.976405,-11.644994
402.879101,-306.863443,-108.928546
260.788683,-445.174258,-326.095489
278.736077,-429.230189,-319.117349
312.859033,-394.169801,-302.084468
248.660061,-456.473479,-330.788150
322.394962,-382.751080,-296.375246
340.155869,-359.710181,-285.127643
256.888833,-448.402119,-327.670895
278.483534,-429.465968,-319.252209
363.800761,-330.290216,-262.219332
245.207771,-459.604339,-331.014330
317.327953,-388.644633,-299.321962
306.804980,-400.063892,-305.053686
258.086428,-447.651845,-327.303403
302.327062,-405.584278,-307.744016
299.552346,-408.478810,-309.757281
312.250311,-394.858500,-302.426698
237.102252,-466.948720,-332.000855
246.491240,-457.676554,-331.038745
254.353496,-450.599303,-328.885909
263.510911,-443.385933,-325.154021
218.000000,-483.000000,-335.000000
244.694912,-460.439947,-330.963735
293.634666,-414.364799,-311.686279
270.208915,-437.752267,-322.892865
242.029819,-462.580554,-331.475850
229.794561,-473.054686,-332.005567
234.640636,-468.283217,-332.000492
253.563087,-451.468493,-329.037825
240.236399,-463.260199,-332.107920
270.329947,-437.583645,-322.824178
310.062993,-397.019787,-303.504433
261.292083,-444.788994,-325.881142
256.155754,-448.887080,-327.934456
260.339363,-445.614241,-326.326915
279.022095,-428.981459,-318.991227
293.086042,-414.910009,-312.076730
218.000000,-483.000000,-335.000000
259.216273,-446.813313,-326.912597
267.779324,-439.464959,-323.763776
222.906970,-479.369256,-332.940612
228.418309,-473.669170,-332.027098
282.362443,-426.551121,-318.240032
223.055444,-480.015804,-333.177975
247.570949,-457.231016,-331.058039
223.190542,-478.652224,-333.025490
234.271340,-468.688074,-332.000345
218.000000,-483.000000,-335.000000
234.419180,-468.512118,-332.000494
218.000000,-483.000000,-335.000000
218.000000,-483.000000,-335.000000
256.718889,-448.510078,-327.727316
246.993786,-457.468332,-331.068353
227.882673,-474.204575,-331.961483
331.850229,-371.463008,-290.754123
265.928197,-441.008752,-324.350202
219.943815,-482.062581,-333.988812
218.000000,-483.000000,-335.000000
