226.000000,-513.000000,-281.000000
226.000000,-513.000006,-281.000000
226.000004,-512.999952,-281.000000
225.999990,-513.000135,-281.000000
226.000029,-512.999622,-281.000000
226.000034,-512.999558,-281.000000
226.000018,-512.999768,-281.000000
226.006986,-512.909724,-281.000000
225.998371,-513.021057,-281.000000
225.958769,-513.990704,-281.000000
226.006635,-512.914262,-281.000000
225.992587,-513.097916,-281.000000
224.278661,-513.887567,-280.999999
221.739053,-516.170474,-280.999958
223.972221,-514.486256,-281.000003
222.532800,-515.443763,-281.000039
224.969200,-514.027726,-281.000000
217.120043,-519.535968,-281.007521
219.349350,-517.533905,-281.000539
218.763601,-518.295003,-280.998787
215.492530,-520.170445,-280.991112
218.572679,-518.501949,-280.998072
211.540660,-522.368557,-280.832117
205.662638,-525.668913,-280.014243
208.760377,-524.134968,-279.953655
217.384658,-519.396961,-281.006173
206.111624,-525.441154,-280.025572
196.510436,-531.680516,-279.983981
208.293387,-524.385923,-279.899280
206.126046,-525.433814,-280.025870
184.960184,-538.024156,-277.991392
182.177824,-539.693801,-277.457302
177.980370,-542.282965,-276.332259
178.708792,-541.798120,-276.605520
150.509277,-561.313655,-262.671106
161.247434,-552.995119,-268.791800
125.774119,-577.861085,-241.484003
174.012963,-545.280922,-275.294447
144.676699,-564.808727,-259.039539
144.262116,-565.064738,-258.713376
138.763422,-568.195947,-254.238822
170.885548,-547.371452,-274.219855
121.882192,-580.706347,-236.877660
122.403297,-580.387597,-237.384938
109.165275,-588.894903,-221.204277
118.854251,-582.462638,-233.964955
152.796843,-559.736314,-264.430771
76.651649,-615.229731,-125.985101
81.126642,-610.829423,-154.676500
100.581167,-595.314042,-207.280041
101.968971,-594.279868,-209.686159
165.182103,-550.356927,-271.734625
125.952407,-577.725735,-241.715840
76.923660,-619.077132,-70.531689
117.962035,-583.025212,-232.953539
117.008769,-583.703107,-231.666186
80.032647,-612.930246,-145.389269
83.548157,-608.499068,-164.192412
76.211346,-615.636012,-122.367667
79.998713,-613.002692,-144.984695
84.666135,-607.391221,-169.227337
76.421696,-615.416656,-124.333076
76.023160,-617.946524,-93.646798
82.122613,-609.785793,-158.769047
77.150877,-614.913071,-128.760753
76.799723,-619.035255,-77.307999
85.047669,-614.980339,-24.826221
89.696843,-603.011497,-184.261518
135.750301,-581.534070,60.619241
99.320956,-605.883782,12.983455
78.987138,-614.006770,-136.934659
84.573434,-615.193231,-26.624771
75.990875,-618.991647,-83.109123
80.355986,-617.640233,-45.137032
78.469791,-618.200136,-60.048050
76.003412,-617.061496,-109.536491
91.038899,-611.309227,-4.898533
94.624149,-609.359663,2.065398
108.650328,-599.362686,30.620409
139.722090,-578.250729,64.672498
87.242821,-613.765556,-17.009211
159.782086,-563.585714,75.351700
80.753787,-617.207659,-42.328675
189.057636,-541.936778,85.273110
239.899352,-499.588305,94.113589
195.071795,-536.485513,86.635431
205.769629,-528.496789,89.270189
176.256309,-552.088770,81.344748
224.511561,-513.170189,92.819748
180.256859,-549.265325,82.461164
190.791179,-540.093435,85.569591
213.924236,-521.872411,90.804525
139.152185,-578.847509,64.149073
125.012054,-588.817861,51.799533
166.726293,-559.148570,78.632773
108.646616,-599.367029,30.613949
164.888588,-560.702868,77.904516
140.490208,-577.416414,65.301544
188.411586,-542.598968,85.119533
189.764053,-541.185941,85.406182
240.151244,-499.386401,94.108774
190.306899,-540.605000,85.494295
214.203598,-521.647392,90.857514
282.459183,-459.477730,88.511223
179.843396,-549.603486,82.396712
240.424973,-499.166665,94.102016
292.315163,-450.717914,84.887194
209.897668,-525.082763,89.980307
214.593400,-521.331655,90.928883
204.137770,-529.881941,89.020388
220.901497,-516.081449,91.979012
313.915222,-428.260351,73.691711
143.913543,-574.343389,67.567144
193.985788,-537.237571,86.280137
367.802269,-369.860474,14.542565
230.496660,-508.351064,92.945605
122.993720,-590.369062,49.281800
226.019170,-511.984949,93.001135
297.335649,-445.649554,82.871714
333.064381,-409.093918,58.139075
300.555037,-442.394338,81.656140
385.901511,-345.150815,-22.705796
233.492876,-505.520766,93.235624
338.971166,-404.131847,53.282556
293.910923,-449.203410,84.270264
289.587031,-453.026999,85.791125
328.108372,-413.752901,61.936549
365.152530,-328.335931,-260.545327
377.671061,-313.291356,-240.825269
256.152040,-484.873195,93.657387
385.376104,-345.877818,-21.318124
404.082894,-300.411419,-130.278677
401.559822,-315.639807,-85.256987
350.531246,-390.596270,39.557207
384.316078,-347.191708,-18.947280
404.007321,-301.746430,-125.808589
135.666777,-581.587056,60.545322
374.814708,-360.499324,1.236987
402.997852,-297.322007,-150.790350
402.880619,-306.836274,-108.989810
388.537536,-340.197950,-32.489298
332.091618,-409.920519,58.928161
403.058103,-296.613806,-155.428826
393.261132,-332.398747,-46.123739
288.663762,-453.775676,86.083369
402.886106,-311.393875,-95.781027
403.034953,-309.249017,-103.282623
402.930143,-295.858254,-159.819487
395.167301,-328.738071,-53.580144
309.686796,-432.644919,76.427848
404.062197,-300.228869,-130.998277
393.783234,-297.083613,-202.645017
395.916040,-327.653982,-56.071662
382.488265,-307.570348,-232.174542
393.133274,-332.691019,-45.574526
377.680213,-313.282484,-240.809986
389.610539,-338.816944,-34.923059
388.790643,-302.186425,-218.479726
402.950697,-298.262538,-144.221857
396.135190,-295.931873,-195.696216
386.323966,-304.792183,-224.907750
404.080943,-300.383889,-130.383862
334.342601,-368.345165,-289.100811
325.034598,-379.937870,-294.970445
398.053085,-294.921739,-189.365481
403.010481,-297.557485,-149.118066
403.005467,-309.040189,-103.889153
337.321621,-363.636595,-287.155418
349.137414,-348.819240,-277.857623
352.974171,-343.716294,-274.011787
297.165958,-445.826470,82.936161
392.585137,-297.571368,-206.062599
403.015244,-297.700147,-148.101821
377.815751,-313.152526,-240.585087
275.250545,-432.567554,-321.284885
402.961422,-298.212318,-144.559264
312.192502,-394.920879,-302.457684
245.246534,-459.518500,-331.015331
278.725741,-429.239538,-319.122429
372.095958,-319.888238,-249.850026
334.525904,-368.111768,-288.977447
378.352414,-312.654480,-239.712944
325.093092,-379.882385,-294.942723
291.931989,-416.069320,-313.061518
403.008291,-296.924823,-153.492224
305.014594,-401.982573,-305.991841
356.865123,-338.408461,-270.248147
222.901050,-479.428557,-332.930287
397.579869,-295.228509,-192.620467
367.415759,-325.565827,-257.464000
329.631149,-374.536509,-292.264547
386.813473,-304.218289,-223.525948
280.516988,-427.870199,-318.606838
237.207774,-466.892889,-332.001957
400.763223,-295.018466,-174.333346
258.813709,-447.147107,-327.068430
395.790235,-296.107954,-196.506126
244.007029,-461.183016,-330.900337
365.720406,-327.556749,-259.758718
370.134113,-322.827636,-253.764956
386.456233,-304.640016,-224.539854
222.132038,-480.922912,-334.023473
292.907581,-415.087658,-312.216749
246.919875,-457.496900,-331.065710
259.884450,-446.123609,-326.581995
270.456402,-437.387531,-322.747748
236.499944,-467.233844,-331.998087
374.046759,-317.993808,-247.296266
310.096456,-396.988616,-303.488772
266.962501,-440.029796,-324.011702
396.797354,-326.368670,-59.133290
352.832368,-343.902777,-274.156293
363.869953,-330.189528,-262.144351
218.000000,-483.000000,-335.000000
253.047347,-451.990933,-329.007298
312.833211,-394.200414,-302.099691
291.558429,-416.452252,-313.398329
303.018333,-404.642920,-307.236562
238.339783,-465.128634,-331.975086
274.635581,-432.993829,-321.453719
222.950318,-479.910799,-332.916065
382.002627,-307.997319,-232.995355
218.000000,-483.000000,-335.000000
334.646772,-367.955605,-288.896176
233.100002,-469.855709,-332.000045
282.101566,-426.751396,-318.307454
282.738552,-426.240728,-318.116542
277.458958,-430.552628,-319.999730
218.000000,-483.000000,-335.000000
218.000000,-483.000000,-335.000000
218.000000,-483.000000,-335.000000
232.066855,-471.880732,-331.999817
251.657179,-453.325229,-329.082283
260.094940,-445.884956,-326.463905
233.069084,-469.898218,-332.000035
223.027069,-478.936392,-333.007194
230.886704,-473.013360,-331.997771
218.000000,-483.000000,-335.000000
218.000000,-483.000000,-335.000000
227.503692,-475.605248,-332.621575
227.988093,-474.014081,-331.997878
242.352144,-462.410260,-331.285873
218.000000,-483.000000,-335.000000
