159.007275,-511.993471,-315.106060
159.930972,-511.998533,-315.071315
161.124217,-511.978324,-314.967157
161.984920,-511.099499,-314.939593
162.957451,-511.011840,-315.034399
162.977121,-511.060985,-314.995244
162.962313,-510.909270,-315.056588
163.022769,-510.014534,-314.998009
164.020691,-510.095893,-314.987926
163.999449,-510.086758,-314.985130
163.975401,-509.909977,-315.054683
164.957655,-509.921171,-315.038455
164.993714,-509.944294,-314.906186
164.916704,-510.028448,-315.028196
165.919479,-510.098471,-315.000419
165.988317,-508.898101,-315.001079
166.978048,-509.005951,-315.023706
168.059989,-508.999442,-315.064136
167.958795,-509.060259,-314.944723
167.958992,-508.061447,-314.986786
168.987231,-507.921541,-315.002084
170.034493,-508.034445,-315.047823
170.965298,-506.960688,-314.906353
172.999997,-506.945610,-315.059256
173.963321,-506.078801,-315.008590
174.086915,-506.003421,-315.001711
175.065356,-504.999178,-315.018669
176.115596,-504.969788,-315.010446
176.989787,-504.019468,-314.975210
178.995801,-504.015230,-315.084358
178.982926,-503.976633,-315.022557
179.003793,-502.901691,-314.999007
179.939701,-503.106471,-315.081536
181.005752,-502.932488,-315.035798
180.980477,-502.003767,-314.992587
182.004739,-501.953874,-314.988367
181.959420,-501.968428,-315.096418
182.008016,-501.974920,-314.970064
180.892113,-502.929486,-315.080385
180.052492,-502.971931,-314.948139
179.990690,-502.959321,-314.978532
179.131294,-503.982213,-315.057444
178.998427,-504.063723,-314.895507
177.095687,-504.977306,-315.060033
175.967831,-505.011709,-314.914365
173.954639,-506.037531,-315.108107
173.041134,-506.972092,-314.986789
170.983669,-508.006101,-314.984156
167.997993,-508.996458,-314.929404
167.077424,-510.048437,-315.003692
163.958288,-510.959268,-314.978378
160.972681,-512.013358,-315.014881
157.983719,-512.999602,-315.006601
154.954219,-514.973990,-315.030365
152.054800,-515.961050,-314.897786
147.998470,-517.955376,-315.043566
143.951962,-519.921621,-313.962499
140.876124,-520.972010,-314.042236
136.030674,-523.000929,-312.989317
132.017850,-525.048963,-312.974557
128.046695,-527.011358,-311.930754
123.904668,-528.886491,-311.063221
119.045395,-530.991381,-310.031869
113.963853,-533.010244,-308.060265
108.994155,-535.958237,-306.970125
103.966879,-537.972370,-305.027198
99.064171,-540.059378,-302.948293
93.917950,-543.057021,-300.018681
88.928387,-544.958828,-297.008127
84.956725,-547.898727,-294.026917
80.021675,-551.001321,-289.956013
76.020796,-554.008870,-286.089203
71.053101,-556.977490,-281.998477
66.955407,-559.006829,-276.976681
63.016943,-561.974383,-271.970703
58.909509,-564.914373,-266.031476
53.943443,-567.977108,-258.984570
50.936408,-572.106218,-251.902975
47.998941,-575.059801,-245.030261
46.007547,-576.938013,-236.967761
43.996239,-579.990284,-228.941407
43.103078,-583.036790,-221.017476
43.072773,-586.022449,-211.992264
41.980668,-587.964461,-202.998559
40.962399,-591.047932,-193.058486
40.986933,-592.914348,-183.962242
41.878526,-594.941269,-173.920513
43.028974,-597.003781,-164.015996
42.983411,-598.989118,-154.033936
43.944833,-601.011829,-144.070650
45.985991,-602.059643,-133.927786
48.138519,-603.025112,-124.048873
48.990368,-603.987811,-113.931524
51.983933,-605.045561,-104.028959
53.952302,-605.965468,-93.963465
56.000859,-605.975288,-84.062046
59.062595,-605.992304,-75.003770
62.040983,-605.982106,-65.934321
65.025307,-605.030050,-57.040842
68.999324,-605.050294,-48.049637
72.060178,-603.953302,-38.985890
75.996709,-603.019285,-30.080953
80.977244,-600.992774,-22.969375
84.035834,-600.066161,-14.938589
87.975687,-599.022503,-8.028011
91.973263,-596.987888,-2.037853
97.080178,-594.985037,3.981441
101.969853,-592.981531,10.058562
107.003094,-590.967363,14.965366
110.998930,-589.093962,19.951831
116.082750,-586.967673,24.017647
120.974709,-583.949368,27.953229
126.898987,-582.084193,32.068918
131.927825,-578.951109,35.001969
136.929933,-576.991607,36.923479
142.989484,-573.998030,40.060302
147.988891,-571.953816,41.035303
153.982993,-569.114616,42.068250
159.922017,-565.995405,42.973222
165.039972,-563.013603,42.987521
170.968518,-560.038774,43.003835
176.964667,-557.060012,42.986876
183.042508,-553.930410,42.954651
188.985566,-551.005197,41.936934
195.049600,-546.980946,41.028369
201.061512,-544.069791,40.053388
207.028357,-541.043069,37.989294
211.976083,-536.925238,37.065573
217.997588,-533.930350,34.967389
222.951176,-530.877763,32.971704
228.015452,-526.959947,30.951141
234.041684,-523.933708,28.012433
238.969818,-519.992683,24.986937
244.988900,-517.080228,21.991318
250.107601,-513.053500,18.976258
254.959531,-509.960230,15.877983
259.999461,-505.994380,11.941452
263.974672,-502.039078,7.995271
268.932271,-499.055785,4.027144
273.008751,-494.977079,-0.017381
277.004502,-492.031879,-3.977550
280.955255,-487.992687,-8.015175
285.035251,-483.917697,-12.941320
288.971198,-480.970258,-17.916102
291.995163,-478.100134,-22.898658
293.923073,-473.972571,-29.034068
296.902027,-471.007839,-34.108952
299.020733,-468.131420,-40.013640
302.089953,-465.921306,-44.940201
304.025396,-463.113121,-51.102375
304.943840,-460.022968,-57.043396
309.058213,-455.044504,-69.970480
310.034735,-452.992029,-75.998363
311.987381,-450.066900,-82.966062
312.996640,-447.938380,-88.971336
313.971558,-445.958750,-95.990173
314.953167,-442.963267,-102.015359
315.001057,-442.077957,-109.002720
315.019299,-440.042846,-115.991011
315.039865,-437.926078,-121.949249
314.915393,-436.947070,-128.993945
314.978825,-434.984654,-135.942594
314.034268,-434.076985,-141.964111
313.093874,-432.921108,-148.968130
312.036787,-431.030705,-156.051063
310.968654,-430.076699,-162.194126
309.951057,-430.032919,-169.082326
308.994833,-429.045556,-174.964249
306.993755,-429.020844,-181.003446
304.936372,-428.903526,-187.009833
302.958722,-429.021160,-192.965035
301.065535,-429.041051,-198.917270
299.107276,-428.994361,-203.992558
296.045553,-430.033380,-210.038557
293.995854,-430.981680,-215.058967
289.969024,-431.008973,-221.000883
288.067853,-432.992771,-225.924025
284.012761,-434.037732,-230.920036
280.902209,-435.014605,-234.975864
278.020404,-437.034645,-239.962481
272.975827,-439.040080,-243.957756
269.959134,-441.077077,-248.002977
265.984172,-443.025768,-252.914740
260.963091,-445.044944,-255.959301
257.016727,-447.105536,-259.965276
252.931862,-450.035563,-264.004497
248.919758,-452.016212,-266.989330
244.958581,-455.009575,-269.962695
239.917529,-457.045795,-272.934790
236.015372,-460.020960,-276.000743
231.015750,-462.919463,-277.965705
226.051149,-466.064143,-280.915029
222.034761,-469.029165,-282.972243
217.082000,-471.956320,-285.009925
211.970417,-473.967972,-287.032797
206.992465,-477.093822,-288.937243
202.030196,-480.019875,-290.937268
196.982084,-482.952778,-292.999064
192.953898,-486.121173,-294.026920
187.953082,-489.045623,-295.059396
178.042263,-495.021645,-297.999880
174.056845,-497.880295,-299.030437
167.977275,-499.992912,-300.956733
163.992769,-503.043316,-301.914450
158.949847,-505.039084,-303.013775
154.941092,-507.059236,-304.963524
150.954201,-508.964872,-305.968628
147.014370,-511.001487,-307.095551
142.039984,-513.048885,-307.968602
138.000435,-514.992692,-309.989121
134.919461,-516.955680,-311.075976
130.057788,-518.966505,-311.961317
126.992717,-519.934772,-313.029160
123.931783,-522.003944,-313.973106
119.948446,-522.975737,-315.005431
117.987794,-524.015481,-315.957212
113.967456,-524.958250,-316.935837
112.011238,-527.058936,-317.989403
109.026827,-527.934887,-319.044518
108.110904,-529.030965,-319.912680
104.946231,-529.057355,-321.011333
103.019796,-529.973883,-322.002719
102.010324,-531.056538,-321.973437
100.042932,-531.979451,-322.960992
98.028845,-532.966886,-323.012544
97.105434,-532.942613,-324.066802
95.079395,-534.039357,-324.087605
94.055219,-534.989435,-325.048479
91.996616,-534.985982,-324.958728
92.054628,-535.975697,-324.972937
90.980963,-537.059799,-324.925803
89.963304,-537.056903,-325.007826
89.005049,-538.059575,-324.918410
86.985477,-537.917300,-324.981876
86.023993,-539.065792,-324.968465
85.961692,-538.995378,-324.953196
85.032454,-539.900262,-325.099113
83.960078,-539.955774,-325.003901
83.061389,-541.073864,-324.961281
82.062098,-541.054764,-325.024091
81.927785,-542.022863,-324.987111
81.019721,-542.108421,-324.061748
81.009331,-543.015090,-323.995672
80.974017,-543.012109,-323.930725
81.076028,-543.021886,-323.995969
81.069073,-544.012523,-323.073888
80.938287,-543.973951,-322.998537
81.007243,-543.972193,-322.001572
81.058167,-543.930145,-321.973223
81.005595,-544.988758,-321.985321
80.982168,-545.033293,-320.905734
81.107836,-544.958475,-321.081458
82.022097,-544.958836,-320.004375
82.957586,-545.196896,-320.028164
83.950183,-545.044564,-318.921441
85.017952,-544.979458,-318.946364
86.042039,-546.023325,-317.987922
85.994637,-546.028129,-316.961323
87.072225,-546.007563,-317.038598
88.002742,-545.884333,-316.011581
88.983478,-546.049723,-315.021493
89.969924,-546.019696,-314.972920
90.990132,-546.056616,-314.051656
91.012523,-546.113214,-313.001342
91.991812,-546.132695,-312.011979
93.000929,-546.017584,-310.812388
94.986573,-545.982262,-309.986422
95.977401,-546.018037,-309.095123
97.003624,-545.977050,-308.994908
97.021158,-546.094657,-308.033607
97.966449,-546.023711,-306.976471
99.037168,-545.954387,-305.967515
100.052196,-546.003096,-305.017245
100.989471,-545.958315,-305.069999
101.971526,-546.083421,-304.114802
102.991095,-544.964691,-302.910752
103.961371,-544.952448,-302.077491
104.914593,-545.007645,-301.013170
105.979010,-545.035712,-299.955723
107.001441,-545.053196,-299.955023
107.948725,-545.044981,-298.944731
