159.011560,-512.004567,-314.993457
159.969082,-511.991993,-314.995397
161.008821,-511.998702,-315.002880
162.000204,-511.003595,-314.996536
163.016668,-510.998819,-315.010283
163.005738,-511.001520,-315.013824
163.005017,-511.023947,-315.007973
162.993907,-509.990071,-315.002205
163.998445,-510.014230,-314.997031
163.995083,-510.007371,-314.997017
163.998861,-510.010396,-315.004935
164.998729,-509.997960,-314.980537
164.999898,-510.002998,-314.992279
165.009863,-509.998470,-315.000308
165.996163,-509.974456,-315.019798
166.012499,-508.977781,-314.997733
167.001422,-509.009141,-314.988999
168.003722,-508.989750,-314.997227
168.000770,-509.013337,-315.003954
167.982167,-507.998123,-315.010970
169.015970,-508.010831,-315.002634
169.984827,-508.018190,-315.002444
170.977354,-506.986747,-315.004116
172.999334,-506.999303,-314.996235
173.980454,-506.017758,-314.998593
173.983637,-505.999710,-315.000723
174.981405,-504.996768,-315.006593
175.994917,-505.002675,-314.996056
177.014399,-504.006152,-315.001947
178.993987,-504.001676,-315.014036
179.009177,-503.990648,-314.998452
179.005586,-502.998160,-315.014026
179.985930,-502.994118,-315.015168
181.014556,-502.995135,-315.007123
180.986881,-502.002415,-314.993467
182.011819,-502.000678,-315.003875
182.005122,-501.998714,-315.001843
182.010262,-502.001818,-314.999821
180.987113,-503.012582,-315.006462
179.988995,-503.004125,-314.993782
180.001323,-503.014868,-314.985686
179.006698,-504.008210,-314.990451
178.998203,-504.025699,-315.010492
177.001338,-505.010198,-315.004299
175.992221,-505.009529,-314.994054
173.992220,-506.000446,-314.996973
172.982908,-507.004304,-315.020691
170.998072,-508.000295,-315.004538
167.993223,-509.004933,-315.020415
166.994735,-509.977898,-314.985288
163.992790,-511.008781,-314.999772
161.013418,-512.003830,-315.008649
158.013494,-513.020751,-315.000041
154.986319,-514.992229,-315.000656
152.004819,-515.999209,-314.999936
147.985244,-518.007642,-315.013695
144.013284,-519.999028,-314.015773
141.008620,-520.995061,-313.993989
136.001467,-522.995212,-313.007380
131.995349,-525.004488,-312.996980
127.990395,-527.000673,-312.006481
124.002000,-529.006582,-311.000931
118.987741,-531.008381,-310.003745
113.987468,-532.993977,-308.007556
109.005632,-535.987919,-306.997317
103.994838,-537.998669,-305.000014
99.002392,-539.999242,-302.993009
93.992853,-542.987583,-300.016096
89.017916,-545.007570,-297.012543
84.981539,-547.999988,-294.008990
79.997376,-550.998635,-290.017244
75.996296,-554.008799,-285.993266
71.001869,-557.007958,-282.000070
67.014638,-559.012700,-277.000680
62.999734,-561.994479,-272.009657
58.987867,-564.997480,-266.005065
53.997283,-567.998828,-259.019606
50.983646,-572.010537,-252.000105
47.992561,-574.993739,-244.981028
45.978978,-576.978006,-236.994308
44.006817,-580.002836,-229.007550
42.995954,-582.992910,-221.000497
43.013063,-586.003925,-212.011935
42.020048,-588.017884,-202.999235
41.001030,-590.996849,-192.994913
40.994496,-592.988555,-183.988010
42.018058,-595.004601,-174.006292
42.994309,-597.000857,-164.009231
42.994921,-598.995435,-153.993560
43.998479,-601.001631,-144.009510
45.988469,-601.997297,-134.001291
47.988447,-602.976559,-123.976882
48.993564,-603.985358,-113.992813
52.014120,-605.001025,-104.003284
54.009926,-606.014413,-93.988604
56.004699,-606.015518,-84.002254
59.004989,-606.016409,-74.989717
61.990047,-605.995300,-66.004012
64.990084,-604.999758,-57.004197
69.001082,-604.991812,-47.993496
72.013778,-604.001156,-38.987149
76.003526,-603.015963,-30.000043
81.000255,-600.980830,-23.004077
84.007627,-599.999245,-15.004306
88.001688,-598.980282,-8.000467
91.999024,-597.006395,-2.002745
96.983067,-595.002022,4.002378
102.002992,-592.999374,10.006919
107.006978,-591.004377,15.004082
111.006067,-588.996107,20.000332
115.983468,-587.012606,23.991704
120.989433,-584.010889,27.996189
127.010137,-581.999804,31.993109
131.998042,-579.006062,35.007058
136.991409,-577.007098,37.015929
142.995446,-574.008793,39.984180
148.005575,-571.998047,40.993599
153.988841,-569.009748,41.995315
159.980453,-566.012777,43.004468
165.000797,-562.987445,43.012375
170.989192,-559.987007,42.998304
176.996908,-556.991776,42.994973
182.997105,-553.992924,42.991850
188.999297,-551.007113,42.000566
195.013504,-547.015073,41.000165
200.993674,-544.006398,40.005869
206.996271,-540.993335,37.997481
211.992317,-536.998352,36.996379
217.990963,-533.993288,34.986651
222.999604,-530.975666,32.992743
228.011003,-526.998737,30.999801
233.997330,-524.002574,27.987435
239.000088,-520.011738,25.004103
244.989011,-517.004530,21.998984
249.989565,-513.003762,18.976902
255.006705,-510.004188,15.997643
259.993427,-505.975179,12.001923
263.994935,-502.011328,8.010719
268.982644,-499.008906,3.993968
273.016227,-495.012891,0.010125
276.985602,-491.984335,-4.003442
281.000793,-487.995114,-7.990564
284.994192,-484.021195,-13.012230
289.004564,-481.007859,-18.010526
291.994656,-477.990083,-22.987228
293.995666,-474.000557,-28.989834
296.981371,-471.005799,-33.988976
298.975612,-468.003389,-39.989989
302.009893,-465.999760,-44.994007
304.000577,-463.019927,-51.005112
304.987864,-459.995545,-56.998616
308.990667,-455.008976,-70.006230
310.000054,-453.008004,-76.001350
312.002495,-449.988383,-83.024580
312.996998,-448.011443,-89.007834
313.998755,-446.008689,-96.000107
314.985745,-443.005711,-102.003287
314.993839,-442.007114,-108.999504
314.993831,-439.998812,-116.000837
314.991738,-437.997278,-122.006398
315.005197,-437.003602,-128.984737
314.992203,-435.004497,-136.010045
314.021340,-433.990460,-141.997494
313.006939,-432.980819,-148.986639
311.991021,-430.992383,-156.010027
310.996926,-430.005142,-161.994304
309.995256,-430.004635,-168.986813
309.004994,-428.985318,-174.985622
306.997889,-429.004029,-181.005256
304.997666,-429.008279,-186.984597
303.021779,-429.008970,-192.995740
301.015964,-428.997717,-198.998319
299.001563,-429.005066,-203.991831
295.979048,-429.978997,-210.001118
294.006940,-430.992797,-214.997305
290.009780,-431.011175,-221.006800
287.993887,-432.994870,-226.006632
284.006074,-434.012403,-231.007514
280.986623,-435.011699,-234.994126
278.002093,-436.989212,-239.997640
273.002867,-439.017811,-244.014340
270.000323,-440.993110,-247.985299
266.013257,-442.993319,-252.996073
260.992034,-445.004088,-255.984443
257.003598,-447.001706,-259.997435
252.998026,-449.996096,-263.976699
249.032117,-451.995280,-267.003803
245.003072,-454.990454,-270.003800
240.006069,-456.998345,-272.994080
236.004305,-460.003087,-275.986985
231.000724,-462.987460,-277.995704
225.991565,-465.987961,-281.001404
221.988693,-469.006212,-283.009451
217.009317,-472.017064,-285.010287
212.008431,-474.004577,-287.006790
207.011586,-477.003451,-288.994338
201.995593,-480.013507,-290.995945
196.997536,-482.992171,-292.994044
192.996655,-486.014126,-294.005979
188.000448,-489.007353,-295.002781
177.992711,-495.004928,-297.991860
174.014877,-497.994466,-299.002557
167.999559,-500.012242,-301.002267
163.981675,-502.986212,-301.998279
158.999980,-504.997010,-302.995145
155.006289,-507.008885,-304.993347
150.992069,-509.005344,-305.998834
146.996834,-511.014355,-307.011115
141.991641,-513.007207,-308.008000
138.001773,-514.999930,-310.003020
135.005374,-517.003753,-310.997923
129.998002,-518.990214,-312.003153
127.003357,-519.998152,-313.004249
124.005823,-522.001837,-314.010074
120.015948,-522.981758,-314.988228
118.008130,-523.989347,-315.991741
113.990187,-525.007802,-317.003198
111.984648,-526.986987,-318.009512
108.986428,-528.002236,-318.986398
108.006890,-529.001220,-320.007537
104.999010,-528.995781,-320.987006
103.005411,-529.987548,-321.995413
102.010217,-530.993210,-321.993518
99.999348,-531.996002,-323.017045
97.996412,-532.998642,-323.019288
96.999620,-532.982237,-324.006179
95.009228,-533.971345,-323.990956
93.993438,-535.009392,-324.995025
91.984361,-534.985455,-324.994074
92.002323,-536.000973,-324.998940
91.012081,-536.990877,-325.003553
90.008131,-536.998883,-325.010583
89.004816,-538.008130,-324.995886
87.003817,-537.992773,-324.989432
85.989638,-539.016094,-324.987340
85.990990,-539.005787,-325.002671
85.010815,-540.011238,-324.995978
84.010017,-540.013269,-325.005151
83.001066,-540.989560,-325.015833
81.995859,-541.018933,-325.000221
81.997895,-542.001241,-325.013498
80.998717,-541.996376,-323.998299
81.007380,-542.991243,-323.993722
81.002164,-543.010196,-323.982975
81.002375,-542.999422,-324.004692
80.978206,-543.991374,-323.004274
81.015660,-544.002805,-323.011562
80.996339,-544.018249,-322.029256
81.013903,-544.010963,-322.001598
80.999123,-544.989679,-322.004420
80.998133,-545.026337,-321.005991
81.000162,-545.008390,-320.995038
82.006508,-545.017940,-320.004108
82.990015,-545.006367,-320.004700
83.996890,-544.998915,-319.006376
84.982733,-544.997900,-319.012054
86.001609,-545.983551,-317.991376
85.992573,-545.998060,-317.015475
87.000227,-546.006377,-316.995794
87.992506,-545.987904,-315.980985
88.994632,-546.000901,-314.987518
90.010711,-546.002743,-314.996793
91.007407,-546.001173,-313.997614
90.998542,-545.987482,-313.003443
92.037274,-546.002206,-312.001632
93.014849,-546.011300,-311.008486
94.999973,-545.991247,-310.016640
95.985123,-546.000129,-309.002030
96.995365,-545.998241,-308.981582
97.003298,-545.994161,-307.999390
97.994484,-545.987028,-307.006140
98.991312,-546.007960,-306.015120
100.012735,-545.992499,-304.964744
101.003009,-546.002485,-304.977566
101.983024,-546.012314,-303.989375
103.004698,-544.994050,-302.987219
103.982869,-544.994210,-302.005169
104.994072,-544.984285,-300.996847
105.987319,-544.990915,-299.985802
107.000656,-545.002715,-300.001714
108.017540,-544.987913,-299.010525
