207.803448,-447.592266,-303.618074
209.110388,-447.592266,-303.618074
210.417328,-447.592266,-303.618074
211.724268,-446.718062,-303.618074
213.031208,-446.718062,-303.618074
213.031208,-446.718062,-303.618074
213.031208,-446.718062,-303.618074
213.031208,-445.843859,-303.618074
214.338148,-445.843859,-303.618074
214.338148,-445.843859,-303.618074
214.338148,-445.843859,-303.618074
215.645088,-445.843859,-303.618074
215.645088,-445.843859,-303.618074
215.645088,-445.843859,-303.618074
216.952028,-445.843859,-303.618074
216.952028,-444.969655,-303.618074
218.258968,-444.969655,-303.618074
219.565907,-444.969655,-303.618074
219.565907,-444.969655,-303.618074
219.565907,-444.095451,-303.618074
220.872847,-444.095451,-303.618074
222.179787,-444.095451,-303.618074
223.486727,-443.221248,-303.618074
226.100607,-443.221248,-303.618074
227.407547,-442.347044,-303.618074
227.407547,-442.347044,-303.618074
228.714487,-441.472840,-303.618074
230.021427,-441.472840,-303.618074
231.328367,-440.598637,-303.618074
233.942247,-440.598637,-303.618074
233.942247,-440.598637,-303.618074
233.942247,-439.724433,-303.618074
235.249187,-439.724433,-303.618074
236.556126,-439.724433,-303.618074
236.556126,-438.850229,-303.618074
237.863066,-438.850229,-303.618074
237.863066,-438.850229,-303.618074
237.863066,-438.850229,-303.618074
236.556126,-439.724433,-303.618074
235.249187,-439.724433,-303.618074
235.249187,-439.724433,-303.618074
233.942247,-440.598637,-303.618074
233.942247,-440.598637,-303.618074
231.328367,-441.472840,-303.618074
230.021427,-441.472840,-303.618074
227.407547,-442.347044,-303.618074
226.100607,-443.221248,-303.618074
223.486727,-444.095451,-303.618074
219.565907,-444.969655,-303.618074
218.258968,-445.843859,-303.618074
214.338148,-446.718062,-303.618074
210.417328,-447.592266,-303.618074
206.496508,-448.466469,-303.618074
202.575688,-450.214877,-303.618074
198.654869,-451.089080,-303.618074
193.427109,-452.837488,-303.618074
188.199349,-454.585895,-302.654207
184.278529,-455.460099,-302.654207
177.743830,-457.208506,-301.690340
172.516070,-458.956913,-301.690340
167.288310,-460.705320,-300.726473
162.060551,-462.453728,-299.762607
155.525851,-464.202135,-298.798740
148.991151,-465.950542,-296.871006
142.456452,-468.573153,-295.907139
135.921752,-470.321561,-293.979405
129.387053,-472.069968,-292.051671
122.852353,-474.692579,-289.160071
116.317653,-476.440986,-286.268470
111.089894,-479.063597,-283.376869
104.555194,-481.686208,-279.521402
99.327434,-484.308819,-275.665934
92.792735,-486.931430,-271.810466
87.564975,-488.679837,-266.991132
82.337215,-491.302448,-262.171797
77.109456,-493.925059,-256.388596
70.574756,-496.547670,-249.641528
66.653936,-500.044484,-242.894459
62.733116,-502.667095,-236.147391
60.119237,-504.415503,-228.436456
57.505357,-507.038114,-220.725521
56.198417,-509.660725,-213.014585
56.198417,-512.283335,-204.339783
54.891477,-514.031743,-195.664981
53.584537,-516.654354,-186.026312
53.584537,-518.402761,-177.351510
54.891477,-520.151168,-167.712841
56.198417,-521.899576,-158.074172
56.198417,-523.647983,-148.435503
57.505357,-525.396390,-138.796834
60.119237,-526.270594,-129.158165
62.733116,-527.144797,-119.519496
64.040056,-528.019001,-109.880827
67.960876,-528.893205,-100.242158
70.574756,-529.767408,-90.603489
73.188636,-529.767408,-80.964820
77.109456,-529.767408,-72.290018
81.030275,-529.767408,-63.615216
84.951095,-528.893205,-54.940413
90.178855,-528.893205,-46.265611
94.099675,-528.019001,-37.590809
99.327434,-527.144797,-28.916007
105.862134,-525.396390,-22.168939
109.782954,-524.522186,-14.458004
115.010713,-523.647983,-7.710935
120.238473,-521.899576,-1.927734
126.773173,-520.151168,3.855468
133.307872,-518.402761,9.638669
139.842572,-516.654354,14.458004
145.070332,-514.905946,19.277338
151.605031,-513.157539,23.132806
158.139731,-510.534928,26.988273
165.981371,-508.786521,30.843741
172.516070,-506.163910,33.735342
179.050770,-504.415503,35.663075
186.892409,-501.792892,38.554676
193.427109,-500.044484,39.518543
201.268748,-497.421874,40.482410
209.110388,-494.799263,41.446277
215.645088,-492.176652,41.446277
223.486727,-489.554041,41.446277
231.328367,-486.931430,41.446277
239.170006,-484.308819,41.446277
247.011646,-481.686208,40.482410
254.853285,-478.189393,39.518543
262.694925,-475.566782,38.554676
270.536565,-472.944171,36.626942
277.071264,-469.447357,35.663075
284.912904,-466.824746,33.735342
291.447603,-464.202135,31.807608
297.982303,-460.705320,29.879874
305.823943,-458.082710,26.988273
312.358642,-454.585895,24.096673
320.200282,-451.963284,21.205072
326.734981,-448.466469,18.313471
333.269681,-445.843859,15.421870
339.804381,-442.347044,11.566403
345.032140,-438.850229,7.710935
351.566840,-436.227618,3.855468
356.794600,-432.730804,0.000000
362.022359,-430.108193,-3.855468
367.250119,-426.611378,-7.710935
372.477879,-423.114564,-12.530270
377.705638,-420.491953,-17.349604
381.626458,-417.869342,-22.168939
384.240338,-414.372527,-27.952140
388.161158,-411.749916,-32.771475
390.775038,-409.127305,-38.554676
394.695857,-407.378898,-43.374011
397.309737,-404.756287,-49.157212
398.616677,-402.133676,-54.940413
403.844437,-397.762658,-67.470683
405.151377,-396.014251,-73.253885
407.765257,-393.391640,-80.000953
409.072197,-391.643233,-85.784154
410.379137,-389.894825,-92.531223
411.686076,-387.272214,-98.314424
411.686076,-386.398011,-105.061492
411.686076,-384.649603,-111.808561
411.686076,-382.901196,-117.591762
411.686076,-382.026992,-124.338830
411.686076,-380.278585,-131.085899
410.379137,-379.404382,-136.869100
409.072197,-378.530178,-143.616168
407.765257,-376.781771,-150.363237
406.458317,-375.907567,-156.146438
405.151377,-375.907567,-162.893506
403.844437,-375.033363,-168.676708
401.230557,-375.033363,-174.459909
398.616677,-375.033363,-180.243111
396.002797,-375.033363,-186.026312
393.388918,-375.033363,-191.809514
390.775038,-375.033363,-196.628848
386.854218,-375.907567,-202.412049
384.240338,-376.781771,-207.231384
379.012578,-376.781771,-213.014585
376.398698,-378.530178,-217.833920
371.170939,-379.404382,-222.653254
367.250119,-380.278585,-226.508722
363.329299,-382.026992,-231.328057
356.794600,-383.775400,-235.183524
352.873780,-385.523807,-239.038992
347.646020,-387.272214,-243.858326
341.111321,-389.020622,-246.749927
335.883561,-390.769029,-250.605395
330.655801,-393.391640,-254.460862
325.428041,-395.140047,-257.352463
320.200282,-397.762658,-260.244064
313.665582,-399.511065,-263.135664
308.437822,-402.133676,-266.027265
301.903123,-404.756287,-267.954999
295.368423,-407.378898,-270.846599
290.140663,-410.001509,-272.774333
283.605964,-412.624120,-274.702067
277.071264,-414.372527,-276.629801
270.536565,-416.995138,-278.557535
264.001865,-419.617749,-280.485269
257.467165,-422.240360,-282.413002
252.239406,-424.862971,-283.376869
245.704706,-427.485582,-284.340736
232.635307,-432.730804,-287.232337
227.407547,-435.353415,-288.196204
219.565907,-437.101822,-290.123938
214.338148,-439.724433,-291.087804
207.803448,-441.472840,-292.051671
202.575688,-443.221248,-293.979405
197.347929,-444.969655,-294.943272
192.120169,-446.718062,-295.907139
185.585469,-448.466469,-296.871006
180.357710,-450.214877,-298.798740
176.436890,-451.963284,-299.762607
169.902190,-453.711691,-300.726473
165.981371,-454.585895,-301.690340
162.060551,-456.334302,-302.654207
156.832791,-457.208506,-303.618074
154.218911,-458.082710,-304.581941
148.991151,-458.956913,-305.545808
146.377272,-460.705320,-306.509675
142.456452,-461.579524,-307.473542
141.149512,-462.453728,-308.437409
137.228692,-462.453728,-309.401276
134.614812,-463.327931,-310.365142
133.307872,-464.202135,-310.365142
130.693993,-465.076339,-311.329009
128.080113,-465.950542,-311.329009
126.773173,-465.950542,-312.292876
124.159293,-466.824746,-312.292876
122.852353,-467.698950,-313.256743
120.238473,-467.698950,-313.256743
120.238473,-468.573153,-313.256743
118.931533,-469.447357,-313.256743
117.624593,-469.447357,-313.256743
116.317653,-470.321561,-313.256743
113.703774,-470.321561,-313.256743
112.396834,-471.195764,-313.256743
112.396834,-471.195764,-313.256743
111.089894,-472.069968,-313.256743
109.782954,-472.069968,-313.256743
108.476014,-472.944171,-313.256743
107.169074,-472.944171,-313.256743
107.169074,-473.818375,-313.256743
105.862134,-473.818375,-312.292876
105.862134,-474.692579,-312.292876
105.862134,-474.692579,-312.292876
105.862134,-474.692579,-312.292876
105.862134,-475.566782,-311.329009
105.862134,-475.566782,-311.329009
105.862134,-475.566782,-310.365142
105.862134,-475.566782,-310.365142
105.862134,-476.440986,-310.365142
105.862134,-476.440986,-309.401276
105.862134,-476.440986,-309.401276
107.169074,-476.440986,-308.437409
108.476014,-476.440986,-308.437409
109.782954,-476.440986,-307.473542
111.089894,-476.440986,-307.473542
112.396834,-477.315190,-306.509675
112.396834,-477.315190,-305.545808
113.703774,-477.315190,-305.545808
115.010713,-477.315190,-304.581941
116.317653,-477.315190,-303.618074
117.624593,-477.315190,-303.618074
118.931533,-477.315190,-302.654207
118.931533,-477.315190,-301.690340
120.238473,-477.315190,-300.726473
121.545413,-477.315190,-299.762607
124.159293,-477.315190,-298.798740
125.466233,-477.315190,-297.834873
126.773173,-477.315190,-297.834873
126.773173,-477.315190,-296.871006
128.080113,-477.315190,-295.907139
129.387053,-477.315190,-294.943272
130.693993,-477.315190,-293.979405
132.000932,-477.315190,-293.979405
133.307872,-477.315190,-293.015538
134.614812,-476.440986,-292.051671
135.921752,-476.440986,-291.087804
137.228692,-476.440986,-290.123938
138.535632,-476.440986,-289.160071
139.842572,-476.440986,-289.160071
141.149512,-476.440986,-288.196204
