159.000000,-512.000000,-315.000000
159.643758,-511.895077,-315.000000
160.615947,-512.130862,-315.000000
162.441909,-510.900087,-315.000000
162.426106,-510.900060,-315.000000
162.995478,-511.059623,-315.000000
162.932951,-510.112725,-315.000000
163.035655,-509.969097,-315.000000
162.906094,-510.228534,-315.000000
164.390951,-510.000406,-315.000000
164.280011,-510.000736,-315.000000
163.888491,-509.992664,-315.000000
164.969709,-509.995516,-315.000000
165.147066,-510.034956,-315.000000
166.292094,-508.899404,-315.000000
165.393718,-510.083668,-315.000000
167.830811,-508.989002,-315.000000
168.093556,-509.071320,-315.000000
172.893397,-507.025097,-315.000000
170.471120,-507.374337,-315.000000
173.987823,-506.028772,-315.000000
173.961488,-506.043785,-315.000000
167.965601,-508.056186,-315.000000
176.020359,-504.987016,-315.000000
168.908253,-507.972708,-315.000000
174.016677,-505.978785,-315.000000
174.389968,-505.511626,-315.000000
173.996819,-505.967778,-315.000000
178.943342,-503.877828,-315.000000
179.205614,-504.104742,-315.000000
179.451179,-502.879331,-315.000000
173.779046,-506.392442,-315.000000
181.072370,-502.960074,-315.000000
180.956916,-502.397823,-315.000000
175.932377,-505.028252,-315.000000
180.647246,-503.127898,-315.000000
182.041566,-502.041313,-315.000000
175.955561,-505.010608,-315.000000
179.958396,-503.048397,-315.000000
179.108698,-503.883711,-315.000000
177.871313,-503.861470,-315.000000
179.124283,-503.955702,-315.000000
177.012531,-504.995792,-315.000000
159.304639,-512.459284,-314.997795
179.104725,-503.952979,-315.000000
161.858309,-511.730896,-315.000575
147.842000,-518.085226,-314.973734
175.333195,-505.243630,-315.000000
168.835531,-508.663419,-314.999989
172.100915,-507.562215,-315.000003
172.195116,-507.515996,-315.000003
174.224027,-505.846395,-315.000000
156.219374,-514.207246,-315.008278
179.992326,-502.912145,-315.000000
173.677124,-506.268406,-315.000000
132.265721,-524.863181,-313.015970
110.431203,-535.167338,-307.310639
163.328894,-511.219724,-315.000243
143.897869,-520.042112,-313.986580
91.472633,-543.991554,-298.503110
70.426727,-557.283857,-281.411554
83.818197,-548.764365,-293.099305
68.962304,-557.972312,-279.643252
82.323827,-549.632113,-291.950451
102.678660,-538.440458,-304.488846
111.698434,-534.369983,-307.515390
128.753972,-526.619652,-312.238579
55.168604,-567.134000,-260.835174
68.397237,-558.242536,-278.885870
95.599492,-542.114753,-301.006121
57.304645,-605.950831,-79.764404
43.872403,-580.237096,-228.399889
81.988219,-549.822224,-291.685619
85.593262,-547.562752,-294.460695
159.485971,-512.404249,-314.997895
43.019866,-582.783706,-221.590453
49.554775,-573.615216,-248.777523
118.195734,-531.283726,-309.709201
77.870301,-552.564462,-287.824421
42.985214,-583.781767,-218.860789
63.240673,-561.799359,-272.329301
46.297398,-576.639835,-238.296543
47.408812,-575.515949,-243.043308
52.888753,-605.429379,-100.336128
45.477376,-577.689256,-234.895700
41.489561,-594.113802,-178.390652
73.063721,-555.874207,-283.739703
48.345580,-603.435319,-119.757971
43.006287,-584.343899,-217.285747
65.929888,-604.949146,-54.840990
41.802793,-594.672069,-175.622381
53.403269,-605.724582,-97.606177
100.031263,-593.785691,7.743095
66.652455,-559.217727,-276.555283
102.125862,-592.951174,10.133072
47.663442,-602.757393,-126.308046
45.213035,-601.705567,-137.552631
43.079606,-599.413103,-152.092020
43.225201,-599.846300,-150.097927
101.347926,-593.256219,9.286406
116.905041,-586.471442,24.712661
138.645957,-576.219261,37.827575
49.828453,-604.305879,-110.777808
77.209190,-553.088453,-287.136267
53.585813,-605.823781,-96.532640
174.878231,-558.078917,42.982035
46.295393,-602.113326,-132.728180
60.766579,-606.118318,-69.857231
160.429687,-565.757525,43.033570
281.924776,-487.004064,-9.088658
244.109907,-517.499849,22.462492
169.600190,-560.673699,42.995421
110.073830,-589.416427,18.954831
162.501975,-564.502314,43.074045
118.348975,-585.523887,25.898247
226.030940,-528.405754,31.823335
129.842973,-580.357711,33.819782
136.151286,-577.349036,36.624722
217.593989,-534.186099,35.156390
45.119884,-601.668011,-137.995707
220.491157,-532.719036,34.008703
293.344825,-475.121606,-27.316519
124.308442,-582.915430,30.266484
294.261804,-473.663179,-29.516119
217.029204,-534.440203,35.370746
224.052485,-530.110561,32.592797
53.743597,-605.900936,-95.575608
228.398784,-526.769753,30.823363
255.987359,-509.349532,15.314072
162.220470,-564.677676,43.078239
222.244468,-531.578252,33.299568
175.097634,-557.968029,42.981999
303.951772,-463.156353,-50.718435
287.621103,-481.990484,-16.255926
258.708328,-507.217513,13.170668
149.915055,-571.091582,41.273098
133.198900,-578.439492,35.504053
287.788021,-481.871309,-16.463506
278.706395,-490.436365,-5.626467
239.269919,-457.423990,-273.543705
290.778750,-430.872339,-219.709787
130.543551,-579.891451,34.235901
272.454526,-495.536080,0.579882
305.974711,-458.672482,-60.261831
193.130453,-548.229352,41.268753
218.075481,-533.964934,34.970733
313.488845,-447.078822,-92.782825
281.552531,-487.402579,-8.641051
315.037892,-442.833354,-102.586124
271.623508,-496.430524,1.464472
220.738734,-532.572894,33.908303
305.966047,-429.029124,-184.047155
260.662254,-505.306091,11.347009
302.396751,-429.013826,-194.815042
152.373352,-569.830650,41.694998
312.278734,-431.545222,-154.184414
188.492112,-551.298801,42.100859
309.042400,-429.019862,-174.832916
278.114927,-491.014539,-5.059461
270.176916,-497.969672,2.930356
171.458343,-498.803465,-299.826767
314.981723,-437.635741,-124.440198
313.162082,-433.251089,-147.759742
307.971822,-428.902554,-178.279261
314.956942,-434.875895,-136.477480
314.987689,-440.587737,-114.381898
287.844483,-433.095112,-226.270573
297.014964,-429.535041,-207.837305
281.648644,-434.643792,-233.914192
302.504309,-465.523427,-46.055989
245.359824,-516.771108,21.804843
205.771558,-477.770081,-289.485587
294.711797,-430.862623,-213.569181
266.850056,-442.634381,-252.217789
195.886643,-483.795297,-293.356935
120.516625,-522.865466,-314.835434
109.438153,-527.831902,-318.813585
312.238102,-449.605411,-83.970547
235.767385,-460.169445,-276.121749
271.043546,-440.231725,-246.307576
288.874041,-432.034433,-223.870168
315.026528,-436.726173,-130.185766
247.257856,-515.316871,20.697227
126.023617,-520.723095,-313.380226
314.976719,-441.320571,-112.056243
309.756473,-453.649405,-74.134370
220.574381,-469.982114,-283.581732
296.000669,-471.994787,-32.226384
301.342032,-429.016170,-197.984699
212.336008,-473.844622,-286.864938
261.894225,-444.646937,-255.442918
89.103109,-546.000289,-314.976326
208.924266,-475.761945,-288.233986
312.589303,-448.929351,-85.796232
156.459802,-506.202738,-304.253337
177.900215,-495.070069,-298.028608
312.311462,-431.613310,-153.963453
201.972242,-480.015879,-291.011472
299.637392,-467.486355,-41.237078
96.756737,-533.063764,-324.045321
160.450616,-504.484795,-302.588912
268.832831,-441.687119,-249.784831
314.978335,-437.560714,-125.091896
244.679552,-455.165783,-270.200980
197.539587,-482.640426,-292.807485
194.507231,-484.851441,-293.717028
139.992495,-513.896340,-308.877447
280.053755,-435.693869,-236.869963
154.975102,-507.013242,-305.010367
170.763888,-499.003089,-300.062956
127.174171,-519.898108,-312.928781
97.736807,-533.037524,-323.204227
139.848193,-513.967019,-308.954106
207.567961,-476.635269,-288.774648
149.418420,-509.824369,-306.408360
242.622522,-455.979451,-271.395719
85.352845,-545.258874,-318.836869
80.997213,-544.933016,-322.058033
96.261564,-533.247667,-324.035079
148.295001,-510.396170,-306.709207
82.918300,-541.027347,-324.996582
81.001762,-543.175319,-323.822729
305.079186,-459.880267,-57.285263
119.579285,-523.165736,-315.178399
106.312371,-528.988625,-320.571860
93.436067,-535.029708,-325.109755
96.851278,-546.000034,-309.034575
81.001443,-543.907437,-321.915939
85.964889,-546.048684,-317.123335
80.913227,-542.605730,-323.926135
83.251404,-540.825564,-325.006625
116.875001,-524.243942,-316.302776
224.932151,-466.768267,-281.625201
97.647707,-546.000529,-307.264586
127.058570,-519.964361,-312.976089
91.974015,-535.665488,-324.984324
82.239284,-544.994867,-319.951400
90.443933,-545.999851,-314.741319
84.799241,-540.047115,-324.999285
98.571176,-545.997982,-306.489512
86.155951,-538.703224,-325.000068
80.997564,-542.915957,-324.077281
101.727358,-546.100586,-304.330520
90.609916,-545.999862,-314.590740
82.438965,-544.991574,-319.978533
176.134329,-496.459629,-298.490864
83.910773,-540.062502,-325.001376
85.838847,-545.774170,-318.345748
244.917779,-455.044198,-270.052272
105.603091,-544.993766,-300.305403
95.528598,-545.999991,-309.460847
108.000000,-545.000000,-299.000000
95.587941,-545.999990,-309.383197
109.146992,-527.933216,-318.929679
231.531985,-462.706111,-277.763700
108.000000,-545.000000,-299.000000
81.002164,-543.349822,-323.641544
108.000000,-545.000000,-299.000000
102.368147,-545.654481,-303.604481
108.000000,-545.000000,-299.000000
99.738082,-532.134816,-323.037517
108.000000,-545.000000,-299.000000
90.656274,-545.999870,-314.542674
101.927476,-546.040345,-304.085931
95.651486,-545.999990,-309.300861
84.481634,-544.898558,-318.965492
84.252905,-539.955217,-324.998046
108.000000,-545.000000,-299.000000
108.000000,-545.000000,-299.000000
96.951804,-546.000018,-309.024917
108.000000,-545.000000,-299.000000
108.000000,-545.000000,-299.000000
84.050941,-539.976559,-324.999379
108.000000,-545.000000,-299.000000
90.937544,-545.999965,-314.152630
108.000000,-545.000000,-299.000000
100.068896,-545.996571,-304.980137
91.031410,-546.000028,-313.814618
83.160369,-545.009324,-319.886699
108.000000,-545.000000,-299.000000
108.000000,-545.000000,-299.000000
