362.997159,-438.991250,-246.006649
363.000777,-439.016977,-246.007610
362.988926,-438.986464,-246.006993
363.021544,-438.986396,-245.997345
362.981046,-438.993661,-245.991774
363.014958,-438.990249,-246.000487
362.992107,-438.987655,-245.998017
363.008935,-439.014784,-245.985088
362.993926,-439.025095,-246.005525
363.026134,-438.994500,-245.998648
362.989522,-439.002832,-246.012412
362.983924,-439.005895,-246.003723
362.989740,-439.004841,-246.011730
362.005137,-440.013998,-245.999211
362.011037,-440.030801,-246.009240
361.001575,-440.011679,-245.998797
360.998053,-440.986233,-245.997237
360.009010,-442.000372,-245.985107
360.004201,-441.996561,-246.001167
359.993345,-443.004334,-246.004520
359.003433,-444.000853,-246.000418
357.020453,-444.999166,-247.006096
355.988256,-447.006518,-246.985901
354.983293,-447.997675,-247.006194
353.991143,-450.007368,-247.003816
351.977957,-450.989027,-247.022142
351.017462,-453.004736,-247.007547
349.000101,-454.983059,-246.984659
347.018456,-457.019600,-247.009608
345.000834,-458.997239,-247.020995
343.001527,-461.980574,-247.005009
341.012830,-463.998021,-246.987646
337.998052,-466.003608,-247.001209
336.972733,-468.999091,-247.021359
334.018620,-471.017890,-246.998608
332.001093,-474.007480,-246.992226
328.993177,-477.023948,-246.984278
325.993362,-480.010435,-246.999657
322.987049,-481.992591,-247.001849
320.986146,-485.007515,-248.005102
316.995370,-488.006601,-248.000467
314.994649,-490.998572,-247.995100
311.003793,-493.996583,-247.999166
307.991726,-497.008695,-248.001014
305.016674,-500.011594,-248.012879
301.994483,-502.995898,-247.987106
293.995549,-509.011278,-248.000593
291.007489,-511.985243,-247.978924
288.002638,-515.011427,-248.014831
284.006115,-518.009022,-247.990782
280.994174,-521.008662,-247.989492
278.006759,-524.001708,-247.993057
273.998223,-526.008050,-247.992665
271.005471,-529.022501,-246.989154
266.990532,-532.025510,-247.008725
265.009017,-533.991795,-246.010199
260.993942,-537.009680,-245.011068
258.991405,-539.996383,-243.992947
256.002295,-543.000212,-242.988448
253.006191,-544.993321,-241.008497
250.030466,-548.005367,-238.998663
247.995096,-550.995591,-235.990968
244.996025,-553.002977,-233.982975
244.005761,-556.019861,-231.015974
240.986283,-557.992473,-227.998154
239.006056,-561.002297,-224.994002
238.011697,-562.990966,-220.984563
235.995980,-565.977853,-216.995992
233.986919,-568.000422,-213.005499
233.007122,-570.982992,-208.978886
232.000708,-573.002477,-204.000047
229.996509,-574.997386,-198.993391
229.009547,-577.996021,-195.001306
228.009886,-579.997769,-188.997289
228.031619,-582.015722,-184.004191
226.999562,-584.000629,-179.005708
226.000719,-586.000709,-172.990387
224.992032,-587.992403,-168.000502
224.000311,-589.999573,-161.996833
222.999510,-591.005199,-156.002709
222.999137,-593.006478,-151.006888
223.004336,-594.997992,-145.007354
222.991820,-596.003087,-138.987998
222.001731,-596.990377,-132.980649
222.002502,-598.996847,-126.997577
222.004259,-599.987149,-121.989114
221.986841,-600.993153,-115.999876
222.020456,-602.001256,-110.012627
221.995774,-602.010217,-104.009082
222.992623,-602.993859,-99.001236
223.004802,-603.985224,-93.001155
222.994596,-604.006209,-86.995548
222.990530,-603.989525,-82.015247
224.000264,-604.992191,-75.987015
224.998905,-604.997995,-70.006514
225.986968,-605.019501,-64.991092
227.995481,-605.014700,-59.993384
227.992661,-604.004211,-55.002564
228.990711,-603.999757,-49.001049
230.995684,-602.991398,-44.002977
233.992671,-601.992376,-33.991489
235.999865,-601.007293,-30.009398
238.004644,-599.994236,-25.010153
239.999267,-598.997778,-21.008306
241.988504,-597.989776,-17.011803
244.985081,-596.998893,-11.985870
246.990399,-595.996913,-8.013472
249.986019,-594.013491,-5.001417
251.993114,-593.025417,-0.991263
254.989775,-591.013653,1.997359
257.002983,-589.005848,5.017939
261.002842,-586.989775,8.004073
263.996676,-584.998192,11.005082
267.000585,-582.997495,13.995052
270.000493,-580.989495,17.004313
273.994991,-579.003132,19.015732
278.000587,-575.988296,21.018762
281.004956,-573.998985,24.002240
284.002115,-571.004216,24.989313
288.978848,-567.997420,26.989342
291.991988,-565.986570,28.000210
295.985898,-562.996462,28.989665
299.020124,-559.986922,30.014783
303.989863,-557.009359,31.004619
307.992050,-553.003543,31.015256
312.004819,-549.993888,31.023586
315.991174,-546.989216,30.995672
321.000060,-543.003619,30.022582
325.023838,-540.000989,30.003383
327.978758,-535.985506,28.999124
331.989628,-532.984618,29.005826
337.007424,-528.997126,27.975390
341.009499,-525.002579,27.009720
344.998084,-521.019027,25.988717
348.989553,-516.998500,26.009055
354.009702,-513.008113,24.992073
356.998206,-508.983838,23.997820
361.000771,-505.001329,22.988117
365.014198,-501.004973,22.001317
368.976227,-496.981876,21.017690
371.996956,-493.009968,20.017094
375.995189,-488.992265,19.002963
380.007706,-484.990284,17.998259
383.019038,-479.997285,16.988728
386.987343,-476.010229,16.006368
389.991478,-471.989711,15.009507
393.021286,-468.000024,13.989605
395.987495,-463.993663,12.000059
399.004927,-460.007810,11.002780
402.017168,-455.992064,9.988472
404.991689,-451.998188,8.016673
408.009302,-447.988916,5.999298
409.999198,-444.005766,3.991918
412.996539,-439.992482,2.003211
415.001018,-436.001689,0.003898
416.998910,-433.003255,-2.015295
419.998430,-429.017173,-3.996353
420.995913,-425.999738,-6.995888
423.004021,-421.992942,-8.990102
425.010339,-419.007531,-11.997297
426.010921,-416.000725,-14.989224
428.008088,-412.991296,-18.991488
429.007104,-409.992828,-22.015617
431.004717,-406.990919,-25.017181
431.007643,-403.995394,-28.985535
431.999542,-402.002392,-33.000055
433.002827,-399.005278,-37.005640
433.986924,-397.000244,-40.985045
434.992145,-395.000153,-44.008347
434.990972,-392.008562,-47.997990
435.991899,-389.997414,-53.003104
436.024340,-387.998198,-57.015280
435.995289,-386.011981,-61.006753
436.006919,-384.010909,-65.015348
435.991964,-382.041495,-69.989876
435.979519,-379.999634,-74.009892
435.998253,-377.996220,-77.989475
436.018235,-375.997014,-82.985367
436.018112,-374.996825,-86.999182
436.006026,-372.987890,-90.982113
435.981905,-372.008919,-96.001336
435.017137,-370.016402,-99.988981
434.991952,-369.011867,-104.992353
433.999095,-367.990255,-108.995616
432.998902,-366.993219,-112.992197
432.004392,-367.000870,-118.029516
430.999052,-366.008768,-121.985393
431.001937,-366.001421,-125.991816
428.994967,-365.003469,-130.002541
428.008143,-364.987848,-134.999391
426.010659,-364.982921,-139.004849
425.014610,-365.019828,-142.997109
424.024416,-365.982584,-146.992211
422.002295,-365.996088,-152.015997
420.010085,-366.991911,-156.007250
418.990875,-368.016354,-160.010274
417.016113,-369.015387,-163.997455
414.008915,-369.991413,-167.995222
412.997158,-370.993516,-172.994466
410.986141,-371.997130,-177.004453
408.992302,-374.013013,-181.008894
407.002772,-374.985164,-185.003115
403.998201,-376.998835,-187.981610
402.008190,-377.996850,-191.996732
398.998967,-380.003188,-195.994550
397.990773,-381.019809,-199.985722
395.020546,-382.998908,-204.014611
392.001316,-384.997163,-207.009473
390.000722,-387.010626,-211.012402
387.009681,-388.994709,-213.997485
384.997096,-391.008805,-217.008119
381.994149,-392.986373,-221.006474
379.986475,-395.009985,-224.002784
377.003199,-397.988870,-227.007715
374.981238,-399.996710,-228.994973
371.009456,-402.006571,-231.994168
368.996590,-404.997532,-234.005576
366.013115,-407.994826,-237.004092
364.000994,-411.000997,-238.992881
360.003635,-412.984595,-241.003380
357.992088,-416.022088,-243.004878
355.022891,-418.994263,-245.005761
351.997149,-421.982573,-245.992446
348.993683,-425.987242,-247.004016
346.980311,-429.003281,-248.002685
343.005246,-431.995402,-249.020379
341.002241,-435.997855,-249.019405
338.007576,-438.994489,-249.992237
334.994454,-443.000766,-249.998615
331.987344,-446.002450,-249.999839
330.004737,-449.995247,-249.984002
327.021343,-452.999888,-250.002320
324.997060,-455.984680,-250.013611
322.002604,-458.994574,-250.003682
319.992896,-463.005846,-250.006726
317.006173,-464.996520,-249.996921
315.986650,-468.011556,-250.003236
313.018124,-471.003555,-248.996997
311.001305,-473.002619,-249.989858
309.004556,-475.999861,-250.007725
306.989988,-477.987771,-249.999833
304.968150,-480.002353,-249.992130
304.988015,-481.004876,-250.005183
303.012344,-483.000591,-250.011328
300.993005,-484.999711,-250.012312
300.011950,-485.998496,-251.001688
298.997768,-487.011179,-251.007008
299.013163,-488.990823,-251.017059
297.996647,-490.006163,-251.007204
297.016488,-491.008431,-250.998785
296.009095,-492.025014,-251.025512
294.997022,-493.008289,-251.003999
294.997510,-492.988801,-251.003470
293.997295,-493.989641,-251.004096
294.003063,-494.993412,-251.005344
294.006864,-494.994733,-252.010600
293.991771,-496.000428,-252.001127
294.002398,-496.000307,-251.994245
293.992156,-496.994118,-251.994867
294.000428,-497.005510,-252.000062
294.008073,-496.993136,-251.984842
294.002738,-497.011596,-252.000111
294.006640,-497.007923,-252.002672
295.002097,-496.995806,-251.987778
295.000209,-496.984723,-251.991371
296.009320,-497.001159,-251.999859
296.010369,-496.002534,-251.985687
296.997202,-495.985620,-251.998480
