362.976410,-438.982203,-245.993883
363.037556,-438.963834,-245.985701
363.022704,-438.939208,-246.011937
362.972529,-438.980574,-246.004275
363.048477,-438.994404,-245.936247
363.022925,-438.996628,-246.033799
363.032321,-438.998493,-246.037089
363.000126,-438.988666,-245.973622
362.984288,-439.007469,-245.972908
362.984052,-439.010319,-245.965769
362.952023,-439.030119,-245.977143
363.018002,-438.967745,-246.060392
363.024938,-439.012708,-245.998379
361.980326,-439.970133,-246.029111
362.005462,-439.993640,-246.023188
360.929886,-440.043580,-245.997677
360.988180,-441.027419,-246.038128
359.969889,-441.993554,-246.014490
359.979313,-442.027894,-245.961496
359.972803,-442.989332,-246.016421
359.015691,-443.965843,-245.965083
357.070268,-444.963158,-246.992804
355.981564,-447.039983,-246.964415
354.997167,-448.021128,-247.045373
353.983035,-450.039401,-246.959848
352.012541,-450.965982,-246.984032
351.014853,-452.955943,-246.941779
349.025189,-454.933620,-246.995233
347.047643,-456.990740,-246.973817
345.016349,-458.999380,-246.995444
342.973851,-461.912533,-247.009573
340.991998,-464.007759,-246.990172
338.017548,-466.024038,-246.920998
336.952848,-468.963378,-246.979128
334.065192,-470.985320,-247.034711
332.083875,-473.947129,-246.993320
328.972915,-477.022411,-246.963478
326.031406,-479.998661,-246.963677
323.021684,-481.966764,-246.970181
321.018366,-485.021870,-247.972064
316.948188,-487.995790,-247.950846
314.953787,-491.029772,-247.952978
310.994749,-494.017086,-248.033823
308.018018,-497.010570,-248.023174
305.024839,-500.031445,-248.024824
302.015992,-503.003954,-247.991011
293.968016,-508.984438,-248.010144
291.006288,-511.988421,-247.970389
287.984785,-515.036480,-248.036898
283.969330,-518.026801,-248.016854
281.030435,-520.990191,-247.966620
278.018774,-524.029116,-248.019126
274.021831,-526.020319,-247.973393
271.040764,-529.032923,-246.963497
267.032309,-532.008284,-247.036570
265.022339,-534.001719,-245.963247
260.986973,-536.996120,-244.995439
259.072232,-540.034531,-244.007478
256.037204,-542.957688,-242.979968
252.969910,-544.996717,-240.975780
250.007238,-548.044388,-238.982050
248.034661,-551.049696,-236.015071
244.996782,-552.981842,-233.997571
243.971758,-556.056911,-231.028826
241.018411,-557.989318,-227.941363
238.942663,-560.994870,-224.963571
238.006298,-562.968071,-221.000434
235.993811,-565.966460,-216.957062
233.983573,-567.977248,-212.980412
232.974870,-570.945325,-209.014226
231.950516,-572.960570,-204.044685
229.977545,-575.004884,-199.003709
229.006410,-577.978813,-194.994535
227.956607,-580.015622,-188.931133
227.950850,-582.059365,-183.986545
226.951410,-584.012096,-178.995686
225.974962,-586.071651,-172.961970
224.996977,-588.071754,-167.969301
223.980288,-590.043044,-161.995467
222.972792,-591.011586,-156.004273
223.022553,-592.992943,-151.002459
223.003069,-595.002089,-144.981163
223.065462,-596.017319,-138.982813
222.064399,-596.987765,-132.954074
222.027691,-599.045078,-127.011911
221.969408,-599.974983,-122.000283
222.013025,-601.012639,-116.035102
221.998400,-601.966740,-109.990229
221.970198,-601.967608,-104.038132
223.023083,-602.966473,-98.967400
223.039606,-604.014470,-92.987497
223.080100,-603.969131,-87.038181
222.959191,-603.941855,-81.979688
223.993267,-604.961352,-75.991681
225.033988,-605.048903,-70.017577
225.989602,-604.998411,-64.953015
228.027885,-605.005672,-59.976394
227.969811,-604.026269,-54.999502
229.015907,-603.989224,-48.959222
230.988352,-602.932104,-43.988433
233.985934,-602.024592,-33.991532
236.051782,-601.064912,-29.999451
237.989896,-599.989348,-24.996428
240.005456,-598.998376,-21.009345
241.984481,-598.015224,-16.968909
244.977520,-597.009157,-11.988309
246.969588,-595.990294,-7.979593
250.046300,-593.936969,-4.987930
251.941280,-593.033966,-1.036841
254.991527,-590.952514,2.012281
256.998089,-588.966882,4.977399
261.008930,-586.948226,8.029918
264.020849,-584.972049,10.964098
266.953488,-583.025108,14.025571
270.021551,-580.966824,17.026448
273.971134,-578.921716,19.057051
278.060515,-576.013116,20.999201
280.972029,-574.027619,23.997598
283.973097,-570.980514,24.951554
288.988516,-567.991743,26.994065
291.984923,-566.035674,28.036838
295.934051,-563.000093,28.985012
299.058409,-559.959828,30.011417
304.001045,-556.998120,31.002406
308.009712,-552.973922,30.995871
312.053226,-549.952530,31.021079
316.003645,-547.014457,30.991496
320.998215,-542.979561,30.010553
325.035268,-539.986446,29.981290
327.990011,-536.009013,28.963832
332.035573,-532.978146,28.965899
337.005641,-528.948705,28.006059
341.037435,-525.021157,26.959423
344.978092,-521.080909,25.987170
348.994986,-516.944552,26.035268
353.993198,-512.963329,24.992567
356.979263,-509.007471,23.960871
361.021661,-504.985114,22.971484
364.994106,-500.984693,21.986112
369.000411,-496.947158,21.026199
371.962923,-493.013928,19.976721
376.011004,-488.971100,18.962852
380.044631,-485.047471,18.054245
382.981553,-479.995345,17.037162
387.015698,-475.998501,15.970449
389.982394,-471.981836,14.972712
392.983723,-468.029467,14.055331
395.980604,-463.982376,11.967067
398.993047,-460.002969,11.029178
402.048281,-456.008809,10.016266
405.020395,-452.016672,7.994665
408.027922,-448.010346,5.960715
409.991656,-443.983264,3.988999
413.027953,-439.989214,1.960721
415.002005,-436.033918,0.008776
417.030133,-432.948073,-2.023246
419.984881,-428.997227,-4.002196
420.963435,-426.026176,-7.000434
423.032073,-422.027716,-9.006068
424.978721,-419.038780,-12.002339
426.073609,-416.042069,-15.005710
428.006336,-412.997166,-18.916738
428.997911,-409.999083,-22.000237
430.995623,-407.027490,-24.948994
431.017908,-403.973759,-28.946802
432.016132,-401.953347,-32.977665
432.996752,-398.982193,-37.037357
433.997789,-397.026240,-41.009487
435.029001,-394.994866,-43.942076
435.044141,-391.986856,-48.017180
435.966255,-389.975392,-52.992204
435.956450,-388.030568,-56.959152
436.034531,-386.016465,-61.012869
436.009785,-383.993027,-65.037132
436.020352,-381.983305,-69.963758
435.982139,-380.031589,-73.975211
435.967913,-378.037779,-77.967897
436.008040,-376.010019,-83.020101
435.951884,-375.078398,-87.007413
435.995156,-372.980069,-90.977998
436.031126,-371.996025,-95.977751
434.958962,-369.999321,-99.989876
434.961544,-369.023922,-104.986575
433.979351,-368.000035,-108.949344
432.926071,-366.989557,-113.004698
431.999823,-366.997576,-118.010968
430.983166,-365.968194,-121.980888
430.969938,-365.985828,-125.938706
428.992563,-364.983879,-129.995260
428.035519,-365.029112,-134.993593
425.989692,-365.011427,-138.966051
424.977138,-364.984247,-143.086749
424.003259,-365.968391,-146.980232
421.984233,-365.959251,-152.020399
419.990190,-367.050455,-156.028840
419.040637,-368.007388,-160.012295
416.988066,-368.965639,-163.952731
414.016443,-370.030347,-168.026329
412.965791,-371.004878,-173.023080
411.020770,-372.003707,-177.043299
409.005051,-373.999333,-181.008680
406.998608,-374.940405,-184.974684
403.948959,-377.004191,-187.978622
402.057146,-378.003306,-192.034195
399.016342,-380.027337,-196.003189
397.991419,-381.017432,-200.015237
395.030973,-382.997203,-203.947741
391.982593,-384.982636,-206.990498
389.986164,-387.024267,-210.917219
386.993213,-389.010746,-214.061805
384.971173,-391.009196,-217.003680
382.004202,-392.977745,-221.048107
380.065123,-394.984080,-223.959703
377.037771,-398.013220,-227.043906
374.988302,-400.005064,-228.994344
371.002170,-401.981250,-231.991626
369.060586,-404.997341,-233.994837
366.020763,-408.077743,-236.996342
364.037385,-410.996702,-238.997406
359.983949,-413.023232,-241.014201
358.029833,-416.076250,-242.985978
355.019077,-419.008699,-244.983261
352.036733,-421.966391,-245.995759
348.958990,-426.035098,-246.981263
347.042963,-428.998504,-248.024940
342.970065,-432.017799,-249.023072
341.008984,-435.994864,-249.009712
337.960986,-439.010780,-249.991632
334.962120,-443.032295,-249.982815
332.015397,-445.988588,-249.969006
330.009298,-449.996198,-250.007927
326.996746,-452.993575,-249.978565
325.020820,-456.032290,-250.037144
322.037224,-459.041785,-250.027800
319.997623,-462.999284,-249.975602
317.059169,-464.958551,-250.011993
315.977000,-467.984432,-249.959060
313.040986,-471.000216,-249.016147
310.998539,-472.974564,-250.015658
309.001213,-475.989087,-249.992493
307.038743,-478.040751,-250.035461
305.016794,-480.018474,-249.981891
305.034029,-481.025274,-249.983661
302.938359,-483.042685,-250.034471
301.003421,-484.997528,-250.016022
300.001321,-485.994201,-250.979456
299.002627,-487.029861,-251.024231
299.018423,-488.982843,-251.017129
298.001938,-490.000300,-251.012509
296.960290,-491.027722,-251.011994
296.059462,-491.981331,-251.014051
294.982967,-493.018346,-251.050993
294.985890,-492.983336,-250.977455
294.001696,-493.988278,-251.016349
293.990127,-495.010463,-250.992160
294.039946,-494.965407,-251.952381
293.995620,-495.982538,-251.965731
294.018401,-496.048988,-251.988438
294.055318,-497.036801,-251.982567
293.977612,-497.045495,-251.926476
294.026828,-497.006599,-251.994933
294.034990,-496.973179,-252.018036
294.045471,-496.966007,-252.040914
294.997367,-497.044558,-252.049339
295.005508,-496.970021,-251.983401
296.026952,-496.957063,-251.964661
295.964318,-496.041070,-252.021028
296.979432,-496.090840,-251.987042
