540.015029,-116.945882,-3.049268
539.898079,-117.009953,-2.935360
540.041894,-117.034151,-3.031551
539.970963,-116.964190,-3.011869
540.012192,-116.903068,-2.922583
539.973899,-117.037326,-3.026627
540.093881,-117.019654,-2.911960
540.024181,-117.025953,-2.959546
539.895010,-117.008619,-3.062653
539.947182,-117.034313,-3.014830
540.026929,-116.875912,-3.072809
539.870682,-117.050717,-2.964473
540.060846,-116.928466,-2.911022
539.902011,-116.925660,-2.989158
540.013501,-117.057302,-2.903602
539.944965,-116.954369,-2.954599
540.055030,-117.079871,-3.008997
540.006158,-117.033197,-2.977896
540.021621,-117.005837,-3.005511
540.004197,-116.933114,-3.010721
539.958585,-117.070931,-3.039278
540.095639,-116.977386,-2.948810
539.945078,-117.008985,-2.959919
539.909287,-116.955524,-2.990464
540.026230,-116.990641,-3.035421
539.935697,-117.067545,-2.995231
540.050150,-116.999599,-2.960361
540.005614,-117.069715,-3.061652
539.962038,-117.086611,-2.930667
540.035503,-116.970913,-2.995642
540.077998,-116.953650,-2.897322
540.017128,-116.938320,-2.965671
540.001085,-116.954078,-2.971865
539.951674,-117.016286,-2.937654
539.890380,-117.992185,-2.957198
540.038317,-117.932303,-2.975132
539.957859,-118.097430,-3.058295
539.912049,-119.000253,-2.928333
540.015988,-119.093047,-2.936156
540.113907,-119.067645,-2.968227
539.964825,-120.018613,-3.016969
539.967205,-121.079555,-2.993615
540.049466,-121.019461,-2.990025
539.939444,-121.999201,-3.031682
539.046177,-122.989307,-3.030621
538.923314,-125.176074,-2.892637
539.073977,-126.083524,-2.934093
539.017855,-128.064899,-2.014942
537.959256,-130.001549,-1.907600
538.032603,-132.011726,-1.981968
538.060995,-134.029156,-1.966635
536.981669,-136.052678,-1.993509
536.988101,-138.944725,-2.025323
536.985780,-140.936738,-2.045894
536.170732,-144.023389,-1.977403
535.965935,-146.993229,-2.003377
535.033804,-149.956162,-2.008754
535.054534,-152.975419,-1.037983
533.959164,-156.026511,-1.061108
533.986052,-158.983873,-1.053978
534.003374,-163.040912,-0.953423
533.074261,-166.017133,-1.059605
533.007505,-168.972598,-0.038906
532.057216,-173.032676,-0.007382
530.998126,-176.118866,-0.064193
529.950964,-182.934552,-0.043418
530.039308,-186.018301,0.045414
528.949059,-189.003377,0.007708
528.934515,-192.017281,0.011807
529.011091,-193.956112,-1.005764
529.000673,-196.937450,-1.928662
528.999195,-199.997036,-3.034779
529.009552,-202.987662,-4.061810
527.927955,-204.984629,-5.032068
528.015601,-206.865533,-6.995274
527.995991,-210.011414,-8.002429
527.930460,-211.989839,-10.977255
528.012164,-213.978008,-13.056913
527.929965,-216.001989,-15.957862
528.019313,-218.063036,-18.961056
528.982144,-219.030364,-21.933369
528.973871,-221.077483,-25.969880
528.990392,-221.985755,-30.006899
529.000557,-223.932993,-33.991996
529.033916,-224.997819,-38.981709
529.012050,-226.071867,-42.952882
528.974828,-226.998895,-47.958716
529.002088,-227.939277,-54.069642
529.076353,-229.034887,-59.086008
529.042833,-228.930590,-65.057799
529.052430,-229.975505,-71.005006
530.077100,-229.967380,-77.108735
530.034388,-229.952860,-83.040655
529.987347,-229.986712,-89.982417
530.020310,-229.988388,-96.011669
529.982005,-228.945769,-102.941630
529.924599,-227.993082,-109.008731
529.950046,-227.037268,-115.954263
529.992713,-226.080801,-121.990486
530.011507,-223.969995,-127.981122
529.989112,-221.970170,-133.957474
530.034874,-220.012155,-140.001128
531.007191,-217.953216,-144.942128
531.067940,-214.974066,-151.016600
531.029654,-211.988195,-155.954085
531.033658,-209.005619,-160.001666
532.037708,-205.994853,-164.050262
531.980846,-203.074158,-167.950143
532.989662,-200.009146,-172.009421
532.884181,-195.980304,-174.993402
533.968938,-193.005792,-177.905193
534.038761,-188.986926,-180.059777
534.041182,-186.077377,-182.060514
534.998732,-182.001056,-184.007920
536.059400,-177.959519,-184.948759
537.102195,-173.980558,-187.015920
537.953242,-170.001502,-187.972820
538.978876,-165.987930,-188.908785
539.958832,-160.974011,-189.959980
540.015672,-156.991076,-190.929944
541.008229,-151.959591,-191.015882
542.130426,-146.987960,-191.991147
542.096068,-141.926376,-191.974121
542.955118,-137.069621,-191.981222
543.992919,-132.931164,-192.091296
545.019868,-121.998864,-192.069559
545.997364,-117.054734,-190.998752
547.079035,-112.037896,-190.103092
547.955100,-107.007352,-189.015784
549.006720,-102.027426,-187.943490
550.076279,-97.006328,-187.007926
550.970722,-93.032031,-184.946001
551.009851,-88.054476,-184.050179
551.007477,-83.009129,-182.055448
552.021301,-78.046650,-179.985515
553.061495,-73.960264,-177.971401
553.931224,-68.993565,-174.977255
554.048247,-64.017377,-172.974509
555.067917,-60.020054,-169.955025
556.034190,-56.022663,-166.976079
555.896867,-51.010071,-163.997294
555.983102,-47.095286,-159.938861
556.996048,-43.852693,-157.028456
557.057796,-39.987034,-152.938803
557.976867,-36.920927,-148.064576
559.019038,-35.008419,-144.080401
558.930279,-32.022964,-138.987601
560.003190,-30.068965,-135.082672
560.022481,-27.951889,-130.057662
560.021473,-26.904835,-124.896464
561.007161,-24.992963,-120.080461
561.016354,-23.976107,-115.013401
560.981053,-22.955078,-109.992797
560.915009,-22.020531,-105.032156
561.980080,-21.008084,-100.022677
561.930397,-21.052318,-94.946356
562.130826,-19.967120,-88.936031
560.977979,-19.998879,-83.960149
561.013992,-21.042735,-79.018423
560.916878,-20.991342,-73.972396
561.038592,-21.930076,-68.961036
560.972153,-23.030240,-63.986687
560.111391,-23.983744,-60.004363
559.976403,-25.019690,-55.054509
558.897816,-25.945963,-50.986844
559.013840,-27.068416,-47.054964
558.050011,-28.950755,-43.012838
558.131274,-30.047980,-39.025355
556.954236,-32.038278,-35.971233
556.990191,-33.069823,-32.022815
555.980657,-34.949300,-29.029794
555.982966,-37.003943,-25.992031
554.993351,-39.039806,-24.034771
554.992111,-41.081975,-20.965935
553.920250,-43.949424,-17.999880
552.937122,-45.943726,-15.963069
552.020355,-47.899916,-13.007347
551.017898,-49.976097,-10.955699
551.027127,-52.991735,-8.940185
551.016221,-54.913987,-6.999898
550.045440,-58.093584,-4.014479
549.070804,-61.015510,-2.041450
548.084902,-63.024147,-0.023174
546.936091,-66.039836,1.035203
546.001157,-69.022366,3.018081
544.909592,-72.003488,5.021020
545.041141,-73.960974,6.987809
545.042999,-77.051754,8.946324
544.060571,-80.002511,10.985329
542.981222,-83.029856,11.946948
541.915519,-85.933062,13.969898
541.035812,-89.054127,14.996663
539.913435,-91.010936,15.980991
539.950228,-94.074501,17.033778
539.964508,-96.935673,17.983159
539.022911,-99.028327,18.984837
538.931722,-101.972946,19.965071
537.967297,-105.009244,19.995215
537.991633,-107.005225,20.950613
537.059612,-108.954857,21.002378
537.055190,-111.929074,21.038538
535.952628,-113.972547,21.005460
535.891891,-115.982044,20.999141
535.993909,-118.035852,21.002159
534.984268,-120.045032,20.932342
534.927462,-121.973733,21.003476
534.966995,-124.009498,21.046045
533.975666,-127.028473,19.975081
534.048241,-128.977363,20.061460
534.108075,-130.913772,19.985006
533.894685,-133.100460,19.008087
533.995364,-135.051449,18.890350
533.912109,-136.960038,19.035562
534.044615,-139.049684,18.994721
533.970278,-140.982524,19.009952
534.005454,-143.037389,17.953097
534.091881,-144.951101,17.975226
532.936906,-146.979836,17.930829
532.954819,-149.025816,16.992449
532.989352,-151.009548,16.933992
532.946692,-152.959316,16.933172
533.003488,-153.983919,15.950823
532.025050,-156.041233,16.005770
532.052462,-157.961771,16.003161
531.968227,-160.030878,15.041794
531.978825,-160.996371,14.980420
532.007926,-163.004683,14.009263
532.073006,-163.986984,13.993559
531.828923,-166.117213,14.072660
531.013681,-166.986161,13.001858
530.967711,-169.040508,12.983176
531.059210,-170.094550,11.979636
530.995172,-172.008672,11.007165
531.051881,-173.057058,10.972767
530.962288,-174.006511,9.998641
531.035088,-175.890891,9.068033
530.966323,-177.008873,8.034517
530.943818,-178.028851,7.988025
531.061161,-180.034729,6.942067
531.070956,-180.991709,5.942871
531.094220,-182.076557,5.001182
531.076310,-183.019903,3.931393
532.013270,-183.914235,3.014739
531.979207,-184.961585,1.963357
531.998028,-185.998338,1.020989
531.912474,-186.935268,0.023456
