540.005584,-117.017472,-3.025031
540.005996,-116.941265,-2.944138
539.952021,-117.013246,-2.992712
540.024923,-116.995304,-3.029512
540.009169,-117.035246,-3.024836
540.005153,-117.042838,-3.012303
540.006159,-117.028197,-3.028947
540.018280,-117.040521,-2.962671
539.992357,-116.968022,-2.960462
539.991297,-116.974581,-2.926190
540.003857,-116.982953,-2.996646
539.982173,-116.994315,-2.931860
540.053552,-117.085331,-2.998813
539.986379,-116.953709,-3.049127
540.045052,-116.952073,-2.996250
540.033932,-116.971902,-3.005913
539.984152,-117.023751,-3.049525
539.945627,-116.988408,-3.002988
540.013553,-117.071220,-3.000455
540.009644,-117.020805,-2.927093
539.985021,-116.996719,-2.962726
539.946409,-116.995198,-2.972557
540.018739,-116.983137,-2.994869
539.997421,-116.965928,-3.008514
539.993719,-116.952369,-2.993343
539.960316,-117.045088,-3.015266
540.054059,-117.003507,-2.984439
540.006010,-117.032408,-3.034355
539.984961,-117.063697,-3.026865
539.964898,-116.977711,-2.957804
539.991825,-116.986831,-2.998686
540.059635,-117.012576,-3.011795
540.035395,-116.935335,-2.997317
540.026517,-117.013857,-2.963813
540.009556,-118.018032,-3.040409
539.946191,-118.079270,-3.026071
539.961792,-118.040618,-2.982524
539.957677,-119.011381,-2.940161
540.019750,-119.066808,-2.979151
539.991624,-119.013293,-2.997736
540.041744,-120.006678,-3.023113
540.021729,-120.949058,-2.971413
539.989235,-121.012512,-2.989570
539.941840,-122.051823,-2.943661
539.024202,-122.991763,-3.002190
538.988330,-124.982476,-2.998936
538.993439,-126.036484,-2.975042
538.980919,-127.988159,-1.997596
538.026578,-130.008514,-2.018762
538.019662,-131.999917,-2.005599
537.958479,-133.992531,-1.961403
536.974348,-136.048340,-1.994689
536.987122,-139.015376,-1.952765
536.972981,-140.999349,-2.002779
535.959548,-143.994938,-1.979536
535.987795,-146.977481,-1.967165
535.022851,-149.984982,-2.006536
534.984409,-153.064513,-1.002137
533.994604,-156.002197,-1.001679
533.986192,-158.999646,-0.988800
533.996887,-163.007183,-1.030404
533.013711,-166.054588,-0.982783
533.018065,-168.960268,-0.010475
532.012544,-172.990935,-0.003071
530.974243,-176.010255,-0.001764
529.988250,-183.054391,-0.018076
529.999204,-186.051479,-0.021197
529.042025,-188.988122,-0.008622
529.008285,-192.075491,-0.016004
528.994802,-194.033362,-1.012081
528.996499,-196.947162,-1.978999
528.963177,-200.024793,-3.009385
529.027589,-203.025560,-3.949826
528.018489,-205.046623,-5.029711
528.058270,-207.012503,-6.989425
527.985187,-209.921902,-7.987086
527.977272,-212.066282,-11.014524
528.038336,-213.981312,-13.009694
527.995697,-215.968712,-16.035296
528.001007,-217.935246,-19.009154
529.027701,-219.020707,-22.047434
528.980423,-221.015638,-25.973751
528.969996,-222.011085,-30.024645
529.055690,-224.007544,-34.010398
528.988478,-225.024984,-39.014947
529.000661,-226.030472,-42.998274
529.004720,-226.985283,-48.054015
529.008741,-228.022336,-54.024616
529.021843,-229.015694,-59.002350
529.011727,-228.979344,-65.037083
528.997105,-230.013542,-71.048252
529.992489,-230.011179,-77.069696
529.989124,-229.990403,-82.956691
530.018356,-229.989015,-89.964283
529.971058,-229.994485,-95.962111
529.992393,-228.985885,-102.966413
530.032920,-227.994220,-109.012579
529.987322,-227.024836,-115.988205
530.011640,-226.012536,-122.009639
530.076942,-223.977341,-127.934371
530.003012,-222.057899,-133.996415
529.967884,-220.010695,-139.961144
531.014056,-218.005839,-144.996254
530.980747,-215.056259,-150.988731
531.030592,-212.000894,-156.009935
531.077684,-209.027380,-160.028312
531.964757,-205.985761,-164.023617
531.986021,-202.998161,-168.014692
532.961920,-199.984689,-171.965042
533.034332,-195.969927,-175.010630
534.019807,-192.967485,-178.064080
533.961206,-189.032342,-180.014605
534.010658,-186.007018,-181.982372
534.965894,-181.985159,-183.971850
535.977286,-178.018908,-184.937522
537.030914,-174.039162,-186.986466
537.971758,-169.966281,-187.958722
538.986590,-166.011447,-189.003695
539.990645,-160.948796,-190.031511
540.031546,-157.002138,-191.010643
540.990379,-152.004165,-190.943933
542.011350,-147.032094,-192.003334
542.027515,-141.997756,-191.975755
543.020689,-137.038674,-191.984988
544.076837,-132.957683,-191.980702
545.019276,-121.998080,-192.056093
545.992071,-117.020083,-190.958846
546.965360,-112.014366,-190.026918
547.970735,-106.972523,-189.076069
549.029042,-102.002190,-188.038491
550.023066,-97.005336,-186.961747
551.021844,-92.965427,-185.001342
550.989381,-88.016230,-183.982388
551.006998,-82.965104,-182.012327
551.966163,-77.995641,-179.975845
552.985548,-74.051251,-177.966504
553.990373,-68.932735,-174.990666
553.967004,-64.016149,-172.959068
554.969483,-59.998531,-170.031738
555.936543,-56.002374,-167.049781
556.006598,-51.028137,-164.036196
555.948475,-47.057584,-159.983462
556.977296,-44.049741,-157.008171
557.025464,-40.067893,-152.994335
558.005128,-37.007172,-148.095543
559.025053,-35.012892,-144.060116
559.014360,-31.993609,-138.986626
560.006371,-30.006668,-134.988310
560.057919,-28.037028,-129.991665
559.995041,-26.987184,-125.069182
560.988340,-25.037884,-120.008513
560.957315,-23.972720,-114.994817
561.025337,-23.003712,-109.954716
561.007766,-21.991200,-104.950907
561.994656,-21.001394,-100.046685
561.932543,-20.939134,-94.966204
561.990149,-19.982413,-88.971326
561.011780,-19.933164,-83.987990
560.982552,-21.031482,-78.972833
561.036645,-21.021730,-73.988056
561.009633,-22.016526,-69.058632
561.028030,-23.002558,-64.036158
560.033228,-24.014388,-59.989612
559.994807,-25.049562,-54.957673
558.955071,-26.015713,-50.924605
558.976831,-26.985004,-46.988539
557.983571,-29.017088,-42.978636
558.031840,-30.018589,-38.945464
556.975559,-32.005819,-36.031951
557.013496,-32.991595,-31.987103
556.017638,-35.055427,-29.051153
555.985678,-37.005612,-26.006745
555.043321,-38.975216,-24.007514
554.931238,-41.026314,-20.987231
554.007528,-44.012189,-17.943009
552.950997,-46.001515,-15.995054
552.039927,-48.024259,-12.987847
550.998788,-49.930931,-10.954609
551.044519,-52.999827,-9.028270
550.983436,-55.005571,-7.013187
549.972083,-57.962053,-3.976915
548.969756,-60.987537,-2.021404
548.030432,-62.999071,-0.014503
547.004978,-65.971580,0.953857
545.978034,-69.002334,3.004058
545.054158,-71.998842,5.010629
545.007481,-73.973259,6.993078
545.047046,-77.008935,8.979786
543.971662,-79.974173,11.024268
542.985016,-83.047520,12.072402
542.025225,-86.010589,13.989502
540.976144,-88.968335,14.928907
540.015849,-90.988548,16.026369
540.051061,-94.009028,17.010525
539.950961,-96.944106,18.014504
538.968986,-98.988724,18.983480
539.001084,-102.013842,20.024699
537.990203,-105.014531,20.039759
537.975801,-107.052354,21.006414
537.007747,-109.041124,20.998754
536.981445,-111.975257,21.031498
536.031925,-113.969605,21.030921
536.025882,-116.026254,20.998972
535.990969,-117.971295,21.051832
534.985339,-120.009918,20.959843
535.039296,-122.021021,20.956950
535.009662,-123.970878,21.035077
534.031404,-127.035642,20.006965
533.972828,-129.052096,20.015006
534.013538,-131.036083,19.998675
534.022829,-132.986875,19.052575
534.012617,-135.038183,19.061455
534.006323,-137.038410,19.018385
533.982250,-138.996799,19.028681
534.002249,-141.034782,18.963630
534.009431,-142.986084,17.954321
533.983656,-145.022243,18.045170
532.963591,-146.994898,17.977005
533.041127,-148.954649,17.004909
533.018156,-151.006063,16.984197
532.987852,-152.977844,16.961368
533.002686,-153.968548,16.021834
531.975783,-156.020047,16.015838
531.983002,-158.008502,15.975312
532.002372,-160.015710,14.959416
532.044189,-161.008388,15.021514
531.977483,-163.067782,14.002673
532.015999,-164.016864,14.018608
531.981498,-165.986628,13.944346
531.016363,-166.977522,13.054089
530.954108,-169.048576,12.988165
530.968227,-170.006043,12.054768
531.011572,-171.944292,10.987203
531.000376,-172.987496,11.006450
531.011140,-174.008330,9.999563
530.991616,-176.033530,8.991586
530.937789,-177.021938,7.976908
530.976295,-178.003835,7.977823
531.007785,-180.026037,7.039587
530.942726,-181.033572,6.018986
530.989869,-181.992324,4.961872
531.019074,-183.031701,4.010428
531.963672,-184.003487,3.018736
532.034859,-185.037757,1.977716
532.074541,-185.981721,0.952641
532.001783,-187.030392,0.027638
