539.028713,-164.963437,-50.957281
538.991134,-163.934843,-49.917052
538.993183,-163.008854,-49.937080
539.037049,-161.968141,-49.992847
539.104058,-161.091402,-49.906301
538.922505,-158.928177,-49.010380
538.953448,-157.968179,-48.967292
538.951418,-157.024697,-47.981186
539.100984,-154.925800,-48.070601
538.854009,-153.946318,-47.930392
539.018757,-151.962163,-47.007712
537.956644,-151.013621,-46.991148
538.041206,-148.893146,-45.956787
537.998923,-147.979003,-46.000669
538.042793,-146.028586,-44.969502
538.016555,-145.060142,-44.988667
538.024430,-143.076074,-44.038473
538.019625,-141.993343,-42.940971
536.956154,-139.885483,-43.033395
536.994868,-138.882833,-42.015322
537.056533,-137.971171,-41.050608
537.008831,-135.997212,-40.078449
536.060974,-134.967010,-39.027101
536.015080,-133.990388,-37.972787
536.005173,-133.004214,-36.941289
535.995292,-131.992121,-34.974431
534.995987,-130.890881,-33.958568
535.037990,-129.899531,-32.023660
534.989290,-129.001234,-30.979107
533.984651,-128.018401,-28.925608
534.012033,-128.048318,-28.062531
533.954274,-127.053464,-25.982321
533.943325,-127.089077,-23.931305
534.009816,-126.828624,-21.977895
533.998316,-126.968085,-20.927323
533.064695,-127.042406,-19.027321
533.027882,-127.049414,-14.996222
531.985645,-127.995937,-12.923599
532.010045,-129.036061,-12.051975
531.021098,-128.986607,-10.079854
530.928548,-131.018807,-7.985288
530.026897,-131.976291,-5.982215
530.005888,-134.002771,-3.997369
529.066398,-136.017528,-2.002652
528.902063,-137.995138,-0.940612
529.059258,-139.978081,-0.071675
528.011681,-143.078170,1.942620
528.004195,-144.954452,3.947662
526.956512,-149.012253,5.936069
525.994672,-152.089160,7.931888
525.017509,-156.003823,10.047273
524.025619,-160.051780,10.984627
522.951713,-164.007144,13.001053
522.952380,-168.022026,15.110490
522.004154,-172.000624,16.934512
521.045746,-177.052069,17.957419
519.956985,-181.955927,19.977679
519.028545,-186.890550,21.122175
517.953612,-191.998144,22.950808
517.001609,-197.031206,24.058530
515.986517,-202.971245,25.024722
515.023715,-207.981525,26.022252
513.975944,-213.028009,26.046555
513.056350,-218.032776,27.028741
513.054512,-222.942064,27.034312
511.031955,-228.007243,27.035495
509.936873,-231.970302,26.996723
509.058231,-237.047404,25.947935
508.036707,-242.116298,25.988829
507.050816,-246.002272,25.027784
506.955031,-249.950158,23.053608
506.961420,-254.013355,21.953311
506.002059,-258.086242,20.120236
504.967114,-262.050275,19.017309
504.962866,-264.993462,16.948470
503.983351,-268.074044,14.026500
503.991494,-271.001581,10.967959
504.024505,-272.977471,7.993809
504.027448,-276.025279,5.005199
502.964076,-278.067069,0.962569
503.054361,-280.007658,-1.026390
503.981676,-282.060138,-4.971938
503.994014,-283.034950,-9.967994
504.028679,-284.960481,-14.020972
504.919477,-287.024864,-24.008684
505.013489,-287.067042,-28.987659
504.958496,-287.987804,-33.968233
506.068555,-287.975614,-38.990270
507.062476,-287.950972,-44.011578
507.029871,-287.886653,-50.012033
507.070327,-287.086341,-54.934029
507.959010,-285.993623,-60.935303
508.953172,-285.035997,-66.033452
509.029311,-284.038936,-70.983525
510.054046,-282.942361,-76.965911
511.000633,-280.978896,-82.046430
511.996446,-279.944070,-86.959301
512.986414,-277.949204,-92.015255
512.948063,-274.930297,-96.947878
514.010576,-273.054629,-102.036773
514.901760,-271.017421,-107.058689
515.957256,-267.960763,-111.033186
516.968307,-264.901987,-116.028060
518.003044,-262.025011,-120.011591
518.041880,-258.941585,-123.962353
520.060065,-254.989228,-127.910247
521.046603,-252.077796,-130.965007
521.961410,-247.946335,-133.913859
522.987430,-244.009912,-136.934559
524.068216,-240.050149,-139.957418
526.071855,-235.932594,-142.976519
526.997819,-231.008921,-145.012993
529.012601,-227.018422,-146.937973
530.021055,-222.042942,-149.101970
531.029918,-216.954086,-150.955243
532.925292,-212.007340,-152.011046
534.067867,-206.965860,-153.978167
534.986050,-201.994594,-154.958845
536.985461,-196.931973,-155.904729
537.999016,-191.931565,-157.035841
540.052684,-187.031209,-158.000072
539.943123,-181.008313,-158.959066
542.073499,-176.038710,-158.913497
542.936413,-169.985692,-159.979872
544.010583,-164.915112,-160.960797
545.042178,-159.950313,-161.976721
546.019711,-154.069257,-162.058873
546.911770,-148.875075,-163.055208
548.078926,-144.037982,-163.076611
549.033747,-138.964530,-163.988893
549.968251,-134.030092,-163.953628
551.019200,-129.048644,-165.074324
550.936154,-123.894417,-165.037824
551.013963,-117.980587,-165.002517
552.015953,-113.020180,-166.060526
552.079452,-108.054459,-166.054361
553.021920,-103.123646,-165.985722
554.031710,-98.993904,-165.936801
553.995119,-93.894784,-166.012961
553.997665,-89.099474,-166.039486
554.946794,-85.106352,-164.858711
555.033108,-80.012331,-164.974455
555.021510,-76.058036,-163.925656
555.986635,-71.942812,-163.090338
555.950292,-66.969804,-161.985854
556.023526,-62.946821,-161.031834
555.864513,-59.995648,-159.884808
555.965709,-56.049206,-158.005747
555.993839,-52.037320,-156.004185
557.021492,-48.987448,-154.083724
557.003433,-44.915618,-151.994114
556.932935,-42.100017,-149.009920
557.025193,-38.921958,-146.053050
558.109808,-36.974695,-143.047137
557.955204,-33.972564,-140.104735
558.026811,-31.994756,-135.983304
557.988469,-29.968399,-131.954269
558.995671,-28.041886,-127.957747
559.039289,-25.974270,-123.977695
559.004324,-23.903747,-119.062778
559.022531,-23.041430,-113.991709
558.987862,-22.092811,-109.911278
559.036110,-20.997150,-104.992361
559.926943,-19.945396,-98.935961
560.007773,-19.055520,-93.903036
559.973710,-18.972747,-88.056407
559.026601,-17.977015,-82.970881
558.924657,-17.976449,-77.976117
559.020802,-17.061719,-72.046907
558.972840,-16.977993,-67.013442
557.975253,-17.012073,-62.060235
558.022715,-17.081001,-55.990249
558.004487,-17.026439,-50.972237
556.958504,-17.990849,-45.961978
557.022432,-18.090466,-40.898738
556.051967,-20.021492,-32.090378
556.052681,-20.940021,-26.976278
554.857639,-22.001754,-23.005029
554.029856,-23.865595,-18.905897
553.028799,-24.995377,-16.013811
553.090971,-26.972807,-13.012826
551.977445,-28.953165,-10.004651
550.952935,-31.016776,-8.037795
550.990443,-33.997011,-5.901369
551.044656,-36.047191,-3.961946
549.937731,-38.997170,-1.999789
548.985422,-42.046136,-1.067964
548.951982,-44.937299,0.004356
547.971139,-48.026096,-0.015826
547.001548,-50.975618,1.001901
547.022905,-54.131419,2.012074
546.050008,-57.988451,1.976127
544.977305,-60.999326,2.958980
544.993460,-64.001111,2.993090
544.997609,-68.073869,3.005199
545.003667,-70.950215,3.871096
544.019800,-74.945399,3.903161
544.074014,-78.014396,4.003880
543.089114,-80.983101,4.083397
541.973317,-84.998359,4.049426
542.050406,-86.962433,3.992942
540.961327,-89.968043,3.911821
541.017901,-93.005433,4.067866
540.090030,-95.948618,5.029401
540.012900,-97.982211,4.965741
