539.003898,-165.003726,-51.000699
538.991172,-163.998390,-50.011715
539.000108,-163.001516,-49.996485
539.000481,-161.999138,-49.998462
539.003837,-161.008013,-50.000096
539.008694,-159.013318,-49.002608
538.999681,-157.990742,-48.997107
539.000939,-156.977674,-48.007741
538.963126,-155.005673,-48.008399
538.996747,-153.989788,-48.002544
539.007590,-152.004120,-47.006441
538.014133,-150.988776,-46.992864
538.018646,-149.005339,-46.004669
537.993543,-147.978013,-45.994160
538.008185,-145.990619,-45.005185
537.988999,-145.013741,-44.982742
538.008029,-142.980882,-44.005273
537.995813,-141.990523,-43.009479
537.008245,-140.005582,-43.000430
536.997937,-138.977763,-42.007363
536.995703,-138.008688,-40.992105
536.993640,-135.979548,-40.008034
536.004684,-135.008000,-38.994733
535.996446,-134.005239,-38.015316
535.997886,-132.983813,-36.994848
535.980461,-132.001348,-34.998116
534.981634,-130.989190,-34.005100
534.990950,-130.003602,-31.991499
534.995389,-129.003666,-30.991338
534.001358,-128.002419,-28.997102
534.007137,-128.001011,-27.989020
533.993970,-126.991351,-25.999160
534.000033,-126.997388,-24.000584
534.018939,-126.994369,-21.998170
533.974431,-127.013567,-20.989104
533.001127,-126.989790,-19.000128
532.985314,-127.024497,-15.005228
532.000120,-127.993353,-13.013087
531.990546,-128.996945,-12.004288
531.006130,-129.012868,-9.996348
531.003001,-130.994213,-8.008382
529.989538,-132.001680,-6.016076
530.014969,-133.992241,-3.992423
529.002505,-136.009598,-2.001942
529.000263,-138.009698,-1.004731
528.986118,-139.992073,-0.001501
528.013520,-142.992719,2.000727
527.996375,-144.997306,4.000272
527.001655,-149.003364,6.001510
526.008273,-151.986504,7.984146
525.021644,-155.993510,9.998476
524.009686,-160.004464,11.005661
522.984856,-164.010311,13.015366
523.015976,-168.005603,14.999429
521.985334,-172.011708,16.992000
520.987314,-177.003654,18.008040
519.999559,-181.994222,19.995705
519.007513,-187.032837,20.981487
517.982611,-191.998218,22.990819
517.023194,-196.996914,24.005295
516.009989,-202.995341,25.021070
515.017256,-207.984923,25.988742
513.992959,-212.993245,26.015623
512.976691,-217.997932,27.011200
513.002496,-223.015570,26.993466
511.000425,-227.998842,27.008299
509.980561,-231.980580,26.992328
509.006523,-237.005999,25.997444
508.002185,-242.026441,26.001016
506.984065,-245.987896,25.000883
506.996306,-249.994419,22.994374
507.019578,-253.996647,22.017649
506.011238,-257.987685,20.018199
505.002608,-261.991674,19.005650
504.994425,-264.998232,17.007323
503.992613,-268.000807,13.983634
503.976826,-270.999263,11.001621
504.001310,-273.009163,7.987505
504.000665,-275.993351,5.020658
502.999706,-277.997199,1.008233
503.000428,-280.003118,-1.004726
503.977253,-281.998873,-5.000460
503.989639,-283.010918,-10.014277
504.007761,-285.020669,-13.997915
505.012048,-286.997928,-24.000555
504.995771,-287.012473,-29.006800
505.015237,-287.979899,-34.019992
506.014581,-287.993072,-39.011686
507.006967,-287.996325,-43.992250
506.998441,-287.996457,-50.006652
506.988988,-286.992882,-55.012635
508.013256,-285.996259,-61.011979
509.022569,-285.006505,-66.011565
509.003198,-284.025070,-71.009868
510.000104,-283.013222,-77.012935
510.997111,-281.004799,-81.986487
512.003710,-280.005571,-86.996919
512.994866,-278.004395,-91.999792
513.016857,-274.996478,-97.003934
513.996930,-273.011314,-101.993944
514.990685,-271.011603,-107.006066
516.001449,-268.004868,-111.000833
517.008009,-265.009271,-116.004213
518.024393,-261.999407,-120.011638
517.996899,-259.009853,-123.988376
519.997408,-254.998435,-128.021308
521.017546,-252.002628,-131.002714
522.002456,-248.002329,-133.976535
522.982834,-244.009396,-136.994727
524.013542,-240.001861,-140.010211
526.003565,-235.995231,-143.003521
527.002622,-230.986318,-145.005310
529.000681,-227.009809,-146.999799
529.985400,-222.016576,-148.989543
530.996493,-216.996249,-151.015523
533.008350,-212.026277,-152.016759
534.009131,-207.014912,-153.981805
534.988182,-201.996386,-154.991562
536.994565,-197.022149,-156.006355
537.990567,-192.000863,-157.005993
540.024483,-187.001924,-158.005699
539.994006,-180.985288,-158.992232
541.997387,-176.010541,-159.001535
543.011655,-169.982943,-160.008994
543.985694,-164.992604,-161.000631
544.989426,-159.993140,-161.988385
546.006317,-153.995722,-162.027264
546.994875,-149.004874,-162.993599
547.987451,-143.988279,-162.984596
549.013702,-138.966722,-164.013399
549.997966,-133.998605,-163.993339
551.031112,-129.005702,-164.991273
551.010701,-124.003012,-165.001196
550.990516,-117.994299,-165.007978
552.011229,-112.981823,-166.015741
552.003168,-107.990375,-166.002495
553.001587,-102.989000,-166.003968
553.990859,-99.011217,-165.997845
553.998393,-94.011566,-166.018803
554.000732,-88.995517,-166.003263
555.002442,-84.996443,-165.019111
554.989521,-79.992953,-165.003464
554.986891,-75.988497,-163.989392
556.005976,-72.004818,-163.013139
555.989678,-66.979166,-162.011303
555.998950,-63.026694,-161.007572
556.010694,-60.008839,-160.010199
555.993622,-56.011694,-158.002324
555.992565,-52.004746,-156.002827
556.992712,-49.009617,-153.997629
556.982132,-45.002259,-151.994920
556.999758,-41.994434,-148.999516
557.010633,-38.998768,-145.994659
557.990984,-36.998580,-142.990398
557.992341,-33.984721,-140.001331
557.997898,-31.990269,-136.006909
557.988976,-30.024297,-131.988048
559.004830,-28.009700,-128.023549
558.994219,-26.003515,-123.991618
558.977984,-23.997769,-118.992229
558.996827,-22.982136,-113.992201
559.020941,-22.010344,-110.002021
559.003397,-21.003219,-105.003424
560.004302,-19.986936,-99.025229
560.014870,-19.004877,-93.998935
560.012851,-19.015265,-88.003684
558.975111,-18.010202,-82.992137
558.995802,-18.006143,-78.006105
558.996499,-16.998068,-71.995680
559.000846,-16.990953,-66.988374
558.015435,-16.999989,-62.011095
557.990268,-17.006024,-55.991750
557.991015,-17.000408,-51.003068
557.006299,-18.005351,-46.032895
556.998018,-18.001439,-40.998724
556.006839,-19.988705,-31.999470
555.996996,-21.013012,-27.003664
554.999705,-22.021010,-23.009818
554.009380,-23.997978,-18.999545
553.001195,-25.002731,-16.006349
553.008207,-27.006999,-13.002077
551.996860,-28.995077,-9.996323
551.004597,-31.002477,-8.011738
550.995750,-33.998291,-5.992071
551.001667,-36.007155,-3.980172
549.992318,-38.995711,-1.994084
548.998538,-42.004103,-1.001959
549.015712,-44.998497,-0.001118
548.015953,-48.005146,0.007521
547.005576,-51.014155,1.010845
546.997747,-53.980033,2.003175
546.008653,-57.996163,2.005521
545.003238,-60.995306,3.008025
545.005760,-63.996588,3.004432
545.031489,-67.999790,3.000867
544.998477,-70.994273,4.008472
543.987530,-74.999729,3.993974
544.001297,-77.977114,3.999332
542.984949,-80.991236,3.990884
541.997695,-85.004415,4.004237
542.006572,-87.008709,4.016796
540.983318,-90.002414,4.010276
541.003389,-93.009425,4.009147
540.010499,-95.983215,4.997850
539.989878,-97.985228,4.997835
