538.948559,-165.063202,-50.981316
538.983768,-163.979100,-49.966473
539.023866,-162.941583,-50.013075
539.033620,-162.008843,-50.002189
538.977053,-161.058129,-50.037672
539.072965,-158.972674,-49.089749
538.999058,-157.915552,-49.017081
538.996600,-156.958099,-47.930668
538.950515,-155.062541,-47.918666
539.029771,-154.033930,-48.016871
538.981076,-152.058891,-46.980807
538.024525,-150.962960,-46.985161
537.945945,-148.944997,-46.013998
537.974830,-147.938986,-46.010881
538.020361,-145.965006,-45.016582
538.008222,-144.977402,-44.988133
538.018992,-143.052471,-44.046524
538.049606,-141.943713,-42.994452
537.027169,-139.989448,-43.012161
537.020998,-138.986301,-42.041723
537.024286,-138.051078,-40.952646
537.008274,-135.997009,-39.974995
535.961305,-135.019052,-38.992859
536.013011,-134.033322,-38.014311
536.002164,-132.924543,-37.000033
536.027706,-131.994072,-35.002269
535.016317,-130.964289,-33.988568
534.957150,-130.009253,-32.032468
535.010796,-128.985635,-31.010196
533.998549,-127.984502,-29.036322
533.976443,-128.034332,-28.012383
533.992667,-127.036439,-25.958088
534.010092,-126.971008,-23.975956
534.005633,-126.979210,-22.041025
534.021430,-127.015909,-20.941393
532.969898,-126.996709,-19.034764
532.965867,-126.996626,-14.954140
532.043072,-127.952647,-12.998152
531.977349,-129.028703,-11.976564
530.973325,-128.984948,-9.950850
530.963147,-130.988331,-7.999202
530.009606,-132.044248,-5.989677
529.985624,-134.029073,-4.056688
529.014401,-136.005925,-2.018008
529.029868,-137.977406,-0.981919
528.966611,-139.956259,-0.003303
528.020313,-142.989490,2.008380
528.001298,-144.990496,4.000455
526.984468,-149.028675,5.994291
526.031137,-151.985815,8.018400
524.933782,-156.015361,10.015085
523.968944,-160.022496,10.962748
523.010967,-163.989489,13.026045
522.989285,-167.991767,14.984949
522.006588,-172.000126,16.978144
520.962064,-177.006831,17.986698
519.984364,-182.035359,19.949940
519.028827,-186.997682,21.028182
517.938227,-192.009472,23.048674
517.050042,-196.986875,23.962441
516.023695,-203.010728,25.004550
515.026047,-207.953983,26.020284
514.056665,-212.997813,26.007349
512.981300,-218.021665,27.046346
513.033338,-223.019746,27.065278
511.024477,-228.019624,26.989306
510.010922,-232.053352,27.007327
508.955054,-237.019680,25.995961
508.002708,-242.011182,26.004981
506.989194,-245.971861,25.007081
506.996801,-250.007882,22.991222
507.042355,-254.015636,22.024366
506.029555,-257.966394,20.010887
505.001563,-261.953578,18.945266
504.983938,-264.984523,17.043737
503.999244,-268.010850,13.982265
503.939752,-271.051284,10.940851
504.043775,-272.912400,8.004049
503.991021,-275.992350,5.017459
503.026226,-277.992174,1.028823
502.979126,-279.966111,-1.004218
504.000872,-282.008271,-5.013336
504.039971,-283.028618,-10.043874
504.000148,-285.067833,-13.965633
504.991940,-286.976485,-23.994454
504.994129,-286.968361,-29.038846
504.995307,-287.968648,-33.958679
506.015340,-288.014145,-38.978628
506.968595,-287.990949,-43.995556
507.034149,-287.998458,-50.021421
507.066838,-287.016179,-55.003812
507.975445,-285.962946,-61.020675
509.014311,-285.038043,-66.032455
508.953550,-283.938502,-71.026738
510.031659,-283.003034,-76.989373
510.966571,-280.999647,-82.019650
511.946529,-279.961529,-87.009656
513.027565,-277.985600,-91.963402
513.016068,-274.927020,-96.989302
514.011312,-272.997333,-101.999414
514.972920,-270.975891,-106.967330
515.954984,-267.977524,-111.021747
516.974113,-264.947525,-116.005119
518.047459,-262.009852,-120.053234
518.002639,-258.984378,-123.995282
519.980597,-254.969954,-128.013381
521.041683,-251.963881,-130.986912
521.937198,-247.969917,-134.023325
522.956093,-244.011459,-137.026962
523.984757,-239.983511,-140.047941
526.000288,-235.977795,-142.927747
526.978684,-230.999778,-144.976474
528.940600,-227.002694,-147.001305
530.014168,-221.945389,-149.000331
530.988088,-217.032128,-150.967025
532.994113,-211.956426,-151.991787
533.972181,-206.977328,-154.012097
534.987615,-201.951055,-154.952142
536.980564,-197.021259,-155.965010
538.006498,-192.012240,-156.959652
539.992398,-186.977788,-157.988908
540.002846,-181.007367,-158.987608
541.970382,-176.042670,-159.024630
542.943541,-169.973015,-160.052773
543.998471,-164.969480,-161.005261
544.980514,-159.985800,-161.993102
545.973431,-154.063783,-162.014475
546.987361,-149.016941,-163.041639
548.033049,-143.987164,-162.973138
548.988631,-139.056135,-163.984210
549.981713,-134.036930,-164.025996
551.016226,-128.993614,-165.018090
550.988708,-124.026272,-165.032449
550.992227,-117.989030,-164.937899
552.001270,-112.998667,-166.034133
552.018255,-108.013689,-165.987888
552.960549,-102.981216,-166.019703
553.976735,-99.000737,-166.042351
553.973553,-94.007189,-166.012233
553.982392,-89.039950,-165.999694
555.011065,-85.009327,-164.967166
555.048997,-80.018011,-165.017147
555.039449,-76.018869,-163.972507
556.029663,-72.023077,-163.012167
556.012882,-67.040049,-161.926712
556.036782,-62.933449,-161.016863
555.998753,-59.976723,-160.006025
555.977181,-55.969811,-158.018883
556.009511,-51.984170,-155.990832
557.061864,-48.961118,-154.004203
556.989879,-45.016983,-152.067706
557.030044,-41.983663,-149.020480
557.046038,-39.000506,-146.008000
557.965203,-36.980646,-142.942214
558.007443,-34.006404,-140.009282
558.004801,-32.019922,-136.016398
557.937114,-29.972403,-131.977417
559.020433,-28.039421,-127.943915
558.965562,-25.998036,-123.977107
558.996649,-23.995221,-118.986784
559.034291,-23.072685,-113.932398
559.016668,-22.015402,-109.975581
559.056098,-21.012862,-104.998726
560.003430,-20.013173,-99.048076
560.037006,-19.049688,-94.029224
560.005321,-19.017086,-87.999013
558.993296,-17.978216,-82.983614
558.960462,-18.019072,-78.023079
558.978857,-17.031991,-71.983642
559.011716,-16.977997,-66.956077
558.003342,-16.986775,-62.026829
557.992742,-17.013681,-55.978875
557.984259,-17.034854,-51.000001
557.039396,-17.991851,-45.960793
556.947227,-18.029177,-41.018269
555.966428,-19.950561,-31.932312
556.032575,-20.985691,-27.023478
555.015208,-22.015943,-22.982422
553.989163,-24.035944,-19.058342
553.038993,-25.003347,-16.030608
552.977489,-26.958154,-12.980303
552.006218,-28.960001,-10.023222
550.951783,-31.005544,-8.001408
551.052428,-34.006171,-5.990661
551.007331,-36.022539,-3.998271
550.004634,-38.988003,-2.013180
549.025054,-42.015418,-0.997083
548.968742,-45.024668,0.025388
548.005479,-48.008246,0.025370
547.000480,-51.026919,0.966714
547.005915,-53.970500,1.980028
545.976654,-57.959744,1.985500
545.038518,-61.040320,3.011110
545.038910,-64.015365,2.951154
544.991259,-68.002789,3.014700
545.021592,-70.961571,3.947857
543.996441,-75.015457,4.007216
544.011023,-77.995870,3.983466
542.989749,-81.006721,3.968344
542.007773,-84.995393,4.027015
541.941907,-87.039278,3.955667
540.981219,-89.995442,3.999616
540.959769,-92.942829,4.049246
539.984586,-95.961466,5.009102
539.992440,-98.018913,5.008703
