539.000000,-165.000000,-51.000000
539.000001,-163.922327,-49.982155
538.999998,-162.907059,-50.000693
538.999990,-162.446901,-49.981741
539.000039,-161.558507,-50.109201
539.000225,-158.692403,-48.954257
538.999750,-157.955245,-48.962570
538.971662,-154.465219,-48.140501
539.004118,-155.175284,-47.960085
538.974415,-154.293295,-48.117667
538.699003,-151.634240,-46.972476
538.029064,-148.556795,-45.980066
539.000951,-152.002254,-47.000663
538.002457,-148.067648,-46.019736
537.990785,-147.316054,-45.681513
537.140823,-140.335571,-43.037304
537.998121,-141.995768,-42.999079
536.901707,-135.806960,-39.871148
538.018767,-148.813528,-45.956020
536.133171,-135.134036,-39.173295
536.898048,-139.504256,-42.746089
537.970757,-143.660978,-44.455852
535.098873,-129.695111,-31.636031
537.011898,-138.856190,-41.761071
535.029817,-131.041650,-34.059858
537.056729,-137.432976,-40.710834
535.426779,-131.431656,-34.453963
534.010780,-127.202459,-26.500771
534.642291,-128.543780,-30.292143
535.529533,-131.518805,-34.520768
534.061589,-126.989538,-21.667202
534.886802,-130.384138,-32.757524
531.515924,-128.891980,-11.112840
533.998156,-126.886863,-25.307343
534.025505,-127.571073,-27.189490
534.002687,-126.979654,-24.202917
527.983500,-143.085084,2.079490
534.003394,-126.928977,-24.622599
533.988402,-127.026306,-23.532165
530.958047,-129.487979,-9.369797
530.005062,-131.987814,-6.018872
525.049813,-155.784292,9.927325
529.040746,-138.203918,-0.916145
529.426893,-135.198329,-2.741058
532.040554,-127.908453,-13.073512
532.143782,-127.746803,-13.222506
528.356074,-141.861952,1.132512
528.516355,-141.426441,0.848629
529.990754,-132.024808,-5.962649
525.576470,-153.579336,8.940114
522.944824,-168.437230,15.247581
529.067339,-138.342955,-0.856487
509.626328,-233.902407,26.597284
533.118836,-127.015711,-19.544103
518.058127,-191.718980,22.897932
528.910870,-140.306307,0.174825
513.030733,-217.529333,26.925592
521.391998,-174.852003,17.540784
521.245814,-175.651069,17.678511
529.630338,-134.867688,-3.092624
520.788607,-178.109649,18.393300
513.134707,-221.426093,27.078369
513.132569,-221.230872,27.087281
513.040066,-219.570430,27.116436
511.140119,-227.671333,26.984672
505.028286,-261.731639,19.083885
529.107057,-138.587973,-0.745877
504.281785,-267.052636,14.934246
515.720638,-204.470948,25.344103
513.086853,-220.254665,27.117560
507.088473,-252.788736,22.352776
507.072674,-251.308066,22.650568
503.958784,-283.179783,-10.418983
504.038596,-282.088471,-5.358700
503.990896,-272.672140,8.399275
504.016684,-282.936104,-9.809608
510.658538,-228.937864,27.056557
507.035418,-250.576525,22.823033
507.095900,-288.079296,-46.571701
503.534518,-281.131266,-2.703252
506.336084,-287.957666,-40.293045
505.633528,-259.175439,19.644358
505.304405,-288.124076,-36.057643
503.953288,-283.206901,-10.472234
505.000164,-287.000196,-24.002081
503.925676,-283.360168,-10.744885
502.925218,-278.187211,0.718827
510.033487,-282.951703,-77.159721
506.664451,-287.950600,-41.719631
508.152911,-285.887300,-61.659490
515.976229,-268.077350,-110.889143
520.844893,-252.669671,-130.391648
507.078675,-288.091029,-47.862275
509.114002,-283.843785,-72.172900
519.849886,-255.283029,-127.720695
505.637991,-288.076709,-37.575625
506.665707,-287.950647,-41.725810
503.673562,-276.862459,3.447187
509.016914,-284.606360,-67.739027
518.663298,-257.421065,-125.654394
504.013962,-271.537121,10.210040
541.001464,-178.233275,-158.987647
505.103993,-287.092512,-25.710446
513.005038,-274.965618,-97.065271
533.913370,-207.658636,-153.761609
521.180007,-251.237948,-131.622934
511.547108,-280.385626,-84.887692
503.730393,-281.486168,-3.473500
509.013064,-284.579597,-67.861253
524.347451,-239.296201,-140.588368
506.947660,-287.152909,-54.300897
520.646912,-253.421650,-129.637545
512.975226,-278.160918,-91.708430
557.851857,-37.416622,-143.535842
523.073984,-243.619103,-137.279998
512.589400,-279.228398,-89.446886
529.440362,-225.559044,-147.607626
537.381267,-195.044110,-156.400594
534.238894,-205.249563,-154.463662
539.724247,-188.121827,-157.769885
525.613411,-236.988589,-142.403892
529.767367,-223.774013,-148.295325
543.776555,-165.967618,-160.778549
534.925008,-202.221338,-154.964304
554.294777,-87.701750,-165.690735
529.234861,-226.326911,-147.295065
555.127044,-82.594366,-164.975981
553.927908,-99.521845,-166.006489
524.844862,-238.420229,-141.324002
557.077935,-46.598683,-152.887738
546.291000,-152.448919,-162.254132
551.004229,-124.076184,-165.004789
550.934334,-129.509433,-164.912457
547.667261,-145.675083,-162.961952
557.093191,-47.009288,-153.076992
540.035335,-180.790498,-159.012382
547.577688,-146.127296,-162.979689
537.258224,-195.823167,-156.243233
550.871519,-120.901573,-164.869354
552.020663,-110.448295,-166.096405
545.101540,-159.404922,-162.022093
557.080268,-46.653055,-152.913272
553.928594,-92.662085,-166.057388
556.002996,-62.253999,-160.797739
554.707428,-86.324143,-165.266172
543.515021,-167.126854,-160.543671
555.128959,-83.050503,-164.959428
558.007037,-32.669200,-137.574542
556.002328,-59.797354,-159.907850
556.111531,-19.690720,-33.253102
545.241342,-60.062476,2.655359
540.081378,-186.057828,-158.194843
559.015736,-16.942161,-71.426336
556.083598,-71.062056,-162.813351
552.433652,-105.128889,-165.973353
545.943281,-154.320424,-161.973590
554.077404,-98.002761,-165.985050
558.995940,-24.153368,-119.512938
549.352001,-137.172073,-164.038359
558.003152,-32.794162,-137.859688
553.202120,-102.334187,-166.007693
547.032440,-53.385501,1.916577
559.022578,-16.927101,-71.227929
557.456795,-17.554713,-48.388472
546.969298,-51.688104,1.328353
555.004005,-80.056050,-165.003749
556.372936,-19.135987,-35.487038
555.997456,-60.348050,-160.150669
558.507229,-28.971444,-129.955580
555.765481,-21.229028,-25.668337
546.986896,-52.150303,1.533081
558.316158,-29.299824,-130.616076
555.541950,-21.407926,-24.843610
557.050688,-17.886901,-42.401314
540.000000,-98.000000,5.000000
556.988224,-44.206236,-151.365680
540.000000,-98.000000,5.000000
553.017371,-26.206662,-14.096362
553.029548,-26.520827,-13.666060
559.644471,-18.639025,-85.952937
545.557399,-59.187518,2.302096
557.007750,-43.052685,-150.166887
556.299703,-51.016253,-155.338149
540.000000,-98.000000,5.000000
543.218512,-80.409465,4.002001
550.918737,-32.856301,-6.801856
543.945040,-76.158226,3.972039
543.377250,-80.003344,4.003854
555.984436,-66.438114,-161.873992
540.000000,-98.000000,5.000000
552.830630,-27.614514,-12.093083
540.000000,-98.000000,5.000000
560.000452,-18.992179,-93.849347
559.010865,-22.077084,-110.303592
559.020999,-22.628903,-112.381369
558.066243,-35.011011,-141.103696
557.874364,-17.024244,-58.727971
556.992053,-18.014879,-40.885885
545.001296,-64.070669,2.993431
540.957388,-93.281819,4.057981
540.000000,-98.000000,5.000000
539.976989,-97.985311,5.020348
539.916300,-96.219280,5.075982
548.153812,-47.649416,-0.022992
540.000000,-98.000000,5.000000
