504.983339,-124.005026,-146.029688
504.939903,-124.072012,-145.969602
504.890852,-124.073224,-145.988511
504.940668,-123.961308,-146.012024
505.050284,-124.023452,-145.978045
504.939307,-124.056151,-145.964735
505.021068,-124.041279,-146.026988
505.037937,-124.020221,-145.991339
505.026439,-123.940102,-145.938945
504.984522,-124.008490,-145.994786
505.018741,-123.991486,-146.028367
505.009320,-123.966663,-146.046651
504.957660,-123.957544,-145.924562
505.054369,-124.046770,-146.047283
504.977682,-123.958795,-145.935141
505.028186,-124.036451,-146.013260
505.016003,-123.976282,-146.044750
505.008732,-123.956461,-146.073051
505.005333,-123.994225,-145.883292
505.020520,-123.956047,-145.973181
504.993022,-125.051929,-146.051242
505.074491,-125.021745,-145.970087
504.962091,-125.025349,-145.928480
505.059912,-125.979970,-146.047669
505.116233,-125.978452,-145.959351
505.048450,-127.036183,-145.940233
503.942875,-129.020628,-146.023594
503.965564,-131.000826,-146.026718
504.004161,-132.975170,-146.035911
503.073726,-135.053507,-146.051565
502.997255,-136.976082,-146.106344
502.020136,-140.024922,-145.917374
502.043527,-143.027048,-145.979282
501.981813,-145.949034,-145.963953
501.012196,-150.059012,-146.038745
499.990777,-152.934673,-145.997096
499.091404,-157.996065,-145.106332
498.030909,-161.932284,-144.964166
496.021557,-166.971765,-145.041814
496.058087,-171.980406,-144.994538
494.042790,-177.017919,-144.990573
493.046950,-182.915692,-143.950361
490.977015,-188.016595,-143.978666
491.031013,-194.036082,-143.074557
489.107463,-200.067640,-141.996253
486.981924,-205.992874,-141.122395
485.050462,-211.058470,-139.986123
484.072705,-216.932141,-138.032427
481.979686,-223.024904,-137.015872
480.001792,-229.038739,-134.044304
479.044274,-234.998711,-132.003004
476.941598,-241.947996,-128.948662
474.903024,-247.032536,-125.994902
474.002417,-252.957701,-121.945133
472.017992,-259.022383,-118.042895
469.945678,-264.048238,-114.084694
469.069460,-269.017079,-108.990122
467.983411,-274.043409,-103.987288
466.079561,-277.935977,-99.016182
464.011555,-281.961161,-93.993257
462.951014,-285.959476,-87.958251
461.936395,-290.006155,-81.985713
460.990492,-293.039639,-76.016332
459.984623,-295.958476,-69.967543
459.004027,-298.051486,-64.023742
457.991509,-299.980255,-57.077401
458.003127,-301.002738,-50.089108
457.994326,-302.025244,-42.946610
457.953095,-302.920458,-37.069759
458.069351,-302.992324,-29.087795
458.047231,-301.994136,-21.998023
458.008948,-302.015041,-14.939211
457.931827,-301.064151,-8.041301
457.983104,-299.946206,-0.968303
458.040725,-299.044079,5.959023
457.956316,-295.079004,19.977605
457.902010,-292.978210,26.985753
459.022986,-290.120387,33.967448
460.016320,-286.972666,40.985505
460.046189,-283.062737,47.031377
460.966102,-278.953058,52.991520
462.011914,-274.961249,58.980487
462.906220,-271.073619,65.016934
463.988517,-266.064167,70.043651
464.981477,-261.052543,76.063208
465.913777,-255.999046,81.021461
467.941541,-249.964563,86.050287
468.937041,-245.026816,89.960063
469.089005,-238.897340,93.960210
471.031228,-231.934379,98.954194
472.950707,-226.004972,102.015745
474.036087,-219.063366,106.042945
474.967106,-213.009749,109.012074
475.985091,-205.966539,112.026389
478.003953,-199.008344,115.027290
479.007036,-191.993794,117.985726
480.036326,-184.937300,120.039087
482.039910,-176.887177,121.909989
482.984011,-170.042152,122.940384
484.995916,-163.034235,123.932026
485.998320,-154.981690,124.973909
487.105883,-148.067427,124.987897
489.076926,-140.091590,125.001115
490.966892,-133.082315,125.045040
491.018637,-124.921643,123.908168
493.012866,-118.067032,123.023993
494.047485,-110.023566,121.961355
496.033904,-102.096668,121.012568
496.021644,-93.962740,118.896152
496.898444,-85.967271,117.871276
498.103138,-79.007862,116.999494
498.994320,-70.982192,114.968142
499.950597,-63.019783,113.006316
500.944782,-55.952882,112.015586
500.907111,-48.990360,110.010231
502.047065,-41.020319,107.012360
501.933466,-34.045589,104.998901
502.078158,-26.940683,102.912766
502.021996,-19.902833,100.939862
502.039934,-12.895826,99.002875
501.974414,-6.889389,95.992138
503.060741,-0.033430,92.904966
502.961027,4.987725,90.039178
502.998575,10.979846,86.991562
502.927342,15.878982,83.960476
503.033275,22.032850,79.925559
503.050327,27.012363,76.039849
502.899399,32.081487,71.935091
503.012526,37.007610,67.962518
504.023297,41.010120,62.940522
504.023663,45.000534,58.095924
504.062519,49.033381,53.033486
503.963640,52.936659,48.095529
503.995566,56.003240,42.963752
504.077116,58.975768,37.000053
505.007124,61.968759,32.014960
504.946905,64.022033,25.987839
504.955339,65.931232,19.990297
505.036710,67.927919,14.061111
505.945850,69.083628,7.971668
506.013208,69.928036,1.090355
505.950860,71.040039,-4.061906
505.965760,71.990573,-10.003260
507.066157,72.050626,-17.019440
507.004831,72.149658,-23.017552
506.980749,71.958766,-28.862166
506.991778,70.908899,-36.029309
506.979210,70.022065,-41.991370
507.009677,68.961537,-48.021947
508.031096,66.975382,-54.008678
508.048274,65.003506,-60.028433
509.015769,63.030549,-65.829606
509.012222,61.074082,-71.012096
509.025045,58.037416,-77.010530
509.893109,54.965377,-81.981906
510.020842,51.986009,-87.989139
509.935114,48.059254,-93.130982
510.997826,44.024369,-97.961533
510.960141,40.025062,-103.012335
512.041406,31.025476,-112.043071
512.022026,25.969732,-117.082821
512.969654,21.029590,-121.018505
513.005229,15.991357,-124.921496
512.995304,9.907795,-128.975552
512.988078,4.010521,-132.006816
512.974878,-0.983038,-134.943351
513.004299,-7.031830,-138.009844
513.006478,-12.920874,-141.017524
512.984600,-19.927718,-142.993393
514.041258,-25.997466,-146.097112
514.018658,-32.938640,-148.039403
514.035693,-40.025820,-149.009482
514.015077,-46.925507,-151.031681
513.953935,-53.968451,-152.025037
514.070682,-60.028959,-152.947925
513.074919,-66.958238,-154.022593
512.947093,-73.931035,-154.930436
513.030822,-80.942826,-155.981798
513.053668,-87.964208,-155.996910
512.967923,-93.914749,-156.028543
512.955833,-100.010441,-155.942756
512.019404,-107.004422,-155.936959
511.960590,-113.011212,-156.007428
511.013505,-117.872418,-156.006714
511.093293,-123.004101,-154.995439
510.023735,-127.995221,-154.974152
509.972911,-133.040773,-155.056773
508.959846,-136.982597,-153.977722
509.011886,-141.063585,-154.044323
507.938346,-143.994089,-152.977198
507.867695,-147.974796,-152.952346
507.007530,-151.002724,-153.061254
507.050468,-154.055264,-152.026234
506.914215,-157.026050,-152.062198
507.026449,-159.034080,-150.979873
506.998226,-161.004943,-150.964223
506.978938,-163.030380,-151.055486
506.942345,-164.031478,-150.059435
506.958222,-164.941083,-150.015140
506.007155,-167.001044,-149.970238
506.030300,-168.054765,-150.018179
506.022034,-168.960143,-150.031982
505.908370,-169.971584,-149.952360
505.989269,-169.970017,-149.955291
505.966742,-171.001705,-149.969173
506.091842,-171.966735,-150.034893
505.949614,-172.043697,-149.061604
506.958295,-172.043874,-149.030686
506.936549,-172.988246,-148.982566
507.005779,-173.009502,-148.953649
506.949912,-173.032497,-149.003999
507.020280,-173.027734,-149.074447
507.041073,-173.007829,-148.949632
507.020143,-172.915510,-148.992263
506.972461,-172.990655,-148.987188
506.987901,-173.011723,-149.070483
507.058720,-172.991256,-149.059115
506.962217,-173.037232,-149.036297
507.029658,-172.943220,-149.048196
507.011526,-173.024055,-148.979870
507.054030,-172.002696,-148.960299
506.948997,-171.920028,-148.978766
507.975146,-172.004212,-149.039150
508.060064,-171.019096,-148.942384
508.098624,-171.027254,-148.892358
508.035630,-170.999152,-149.070306
508.054900,-169.975466,-149.043127
