504.979138,-123.962463,-146.023363
505.006223,-124.021789,-146.011493
504.996491,-123.986906,-145.976541
505.015774,-124.019760,-145.997302
505.045257,-124.021428,-145.951027
505.016453,-124.022197,-146.050847
504.996353,-124.024700,-146.041931
505.069031,-124.051419,-145.994913
505.005417,-124.001721,-146.002008
505.045577,-124.009131,-146.028780
505.026734,-123.974456,-145.995644
505.056424,-124.004825,-146.009635
505.017746,-123.981127,-145.957228
504.986179,-124.047763,-145.978917
505.012918,-124.047988,-145.990452
504.956179,-123.988519,-146.029920
505.030097,-123.958479,-146.010741
505.025407,-124.062113,-145.997403
505.000103,-124.015941,-146.011933
505.019183,-124.006073,-145.978651
504.976509,-124.957742,-146.022539
504.994143,-125.036527,-145.996976
504.988973,-125.061671,-145.975218
505.026493,-125.934526,-146.008839
505.011808,-125.953676,-146.042307
505.005636,-126.975166,-145.997143
504.035841,-128.982303,-146.032477
504.031217,-131.010412,-145.998351
504.011018,-132.963137,-146.051058
502.992523,-134.979207,-145.988158
503.026165,-136.971794,-146.034713
501.958489,-139.987246,-145.985556
501.994012,-142.950210,-145.998870
501.937444,-145.974395,-146.033638
500.885935,-150.040406,-146.002678
499.999177,-152.964298,-146.004623
498.973371,-157.989939,-145.035093
497.999996,-162.022690,-145.009010
495.983050,-167.004338,-144.976353
496.027954,-172.011941,-145.088337
494.012000,-177.001149,-145.030232
493.022456,-182.992017,-144.024273
490.932626,-187.981811,-143.921310
491.004723,-194.015564,-143.009970
489.013276,-199.957711,-141.987028
487.003034,-205.986763,-140.993841
485.014788,-211.030812,-140.011514
484.021981,-216.968736,-137.913438
481.954151,-223.045966,-137.075810
479.974222,-229.005484,-134.031076
479.020976,-235.045906,-131.994214
477.044633,-242.026719,-128.979169
474.962420,-247.013887,-125.974170
474.036231,-252.997438,-122.030413
472.059212,-259.005619,-118.037336
469.973134,-264.019051,-113.980648
468.994912,-268.952836,-108.959382
467.966486,-274.010254,-104.000900
465.976063,-277.987526,-99.013962
464.013546,-281.978721,-94.053638
463.006553,-286.015146,-87.959422
462.049278,-289.995320,-81.995035
461.075037,-292.937397,-75.995274
460.029036,-296.022176,-69.994168
459.008465,-298.028237,-64.022624
457.956840,-299.981451,-56.984138
458.064316,-300.997960,-49.997586
458.038464,-301.985068,-42.990702
458.025526,-303.002021,-37.016660
457.986810,-302.999599,-29.009663
457.995517,-301.952487,-21.992630
457.987184,-301.951910,-15.013292
457.995966,-300.982232,-8.033938
458.050800,-299.998839,-0.987746
457.976741,-298.952720,5.981416
458.018038,-295.067469,19.983408
457.974365,-293.024508,26.989719
458.945943,-290.048653,33.986752
459.980034,-286.989158,40.971069
459.959364,-283.006315,46.978781
460.973103,-279.060066,52.998921
461.972860,-274.972780,58.985059
462.996102,-271.018030,65.018958
463.998979,-266.012339,69.983329
464.934094,-261.000449,75.948744
466.026532,-256.015197,80.987235
467.979403,-249.982442,86.028578
469.011940,-245.037052,90.009621
469.011159,-238.990702,94.029151
471.023554,-231.982912,99.045647
472.958610,-225.989084,102.003025
474.029772,-218.937208,105.987942
475.020738,-213.033170,108.999848
475.952040,-205.937284,112.029869
477.988130,-199.000468,115.010522
479.064548,-192.042480,118.008431
480.006597,-185.007777,120.043316
481.969970,-177.012387,122.034188
483.042787,-169.960640,123.056111
485.041141,-163.016387,124.044306
486.018020,-154.997984,125.022540
486.981589,-147.969746,124.985659
489.015890,-140.012557,125.013145
491.030179,-133.038133,125.025160
491.001618,-124.980563,124.009366
492.983593,-117.980837,123.015937
493.975481,-109.979015,121.991845
495.946137,-102.044824,120.985964
496.023917,-93.953030,118.968620
497.042240,-85.991467,118.018117
498.006651,-79.026003,116.955239
499.011467,-70.989538,114.970994
499.969494,-62.986029,113.031469
501.018023,-55.997702,112.011703
501.018724,-48.944855,109.972965
501.923736,-41.025771,107.026395
501.975753,-34.007321,105.030740
501.981313,-26.981061,103.017292
502.009165,-20.013002,101.029977
502.000463,-13.002246,99.004008
502.022352,-6.973882,95.985923
502.932597,-0.009888,93.018534
503.006615,5.006791,89.987403
502.991704,10.956589,87.061035
503.048696,16.011654,84.017257
503.030916,22.005397,80.004035
503.012823,27.046561,75.966316
503.025270,32.018167,71.923492
502.956707,36.983030,67.996936
503.965287,41.009168,63.037178
504.060521,44.985712,58.025431
503.984548,48.988943,52.982958
504.032670,53.028672,47.959329
503.983020,55.981728,42.964795
504.001417,58.979128,37.014616
504.928546,61.951389,31.982505
505.038194,63.975289,25.961146
505.004930,66.013454,20.011439
505.022700,67.955355,13.986824
505.973794,68.983890,7.982849
506.067679,70.007105,0.989691
506.058684,71.013294,-3.999969
506.019920,71.955194,-10.018762
506.991473,72.029403,-16.987066
506.951136,72.012003,-22.966792
506.968147,72.003629,-29.000305
507.021175,71.067981,-36.009656
506.994372,69.982238,-42.048879
507.015397,68.982151,-48.038101
507.969369,67.028021,-53.990826
507.958714,64.996286,-60.045507
508.994234,62.992807,-65.955620
508.986465,60.979585,-70.979291
508.993302,58.030444,-77.017252
509.997810,54.988997,-82.042296
510.012402,51.944403,-87.957612
510.024060,48.040575,-92.999094
510.941737,44.017126,-98.008940
510.959252,39.955531,-102.999901
511.963273,30.952886,-111.963519
511.999628,25.967912,-117.034196
513.007969,21.031522,-120.942012
512.956836,16.070297,-125.030567
513.005978,10.063213,-129.030856
513.036606,3.966740,-131.994231
513.034521,-1.002180,-135.046301
513.004095,-7.027224,-138.025476
512.990390,-12.996805,-140.995361
512.999348,-19.993309,-143.024986
514.038273,-25.949583,-146.003218
514.011918,-32.998254,-148.000565
513.992246,-40.007081,-149.038583
514.036384,-47.007309,-151.034241
513.995165,-54.007334,-152.016037
513.995991,-59.983152,-152.977304
513.012238,-66.960848,-154.016263
512.970537,-73.974785,-155.012479
513.013698,-81.002544,-156.003011
512.968942,-87.983508,-156.037214
512.998329,-94.009920,-155.962482
513.037920,-100.013155,-155.985442
511.989610,-107.039278,-156.020442
511.991493,-112.997579,-155.965985
511.031590,-117.987958,-155.988706
511.006933,-123.014093,-155.001369
509.983769,-128.057135,-154.991225
510.035184,-133.061064,-155.034719
508.990038,-137.043675,-154.045604
509.046391,-140.986954,-153.993826
507.964881,-144.010146,-152.984590
507.992895,-148.042834,-153.023100
506.955842,-151.048968,-153.019439
506.959951,-153.966335,-151.939929
506.992076,-156.972866,-151.979342
506.995346,-159.007371,-150.947506
507.009402,-160.964960,-151.021378
507.024131,-163.005209,-150.988890
506.991709,-163.976822,-150.018300
506.997827,-165.006897,-150.036692
505.979052,-166.958315,-150.031010
505.965892,-167.985360,-150.028297
506.001052,-168.951138,-150.066169
505.974052,-169.968275,-149.977449
506.016273,-170.038527,-150.070315
506.035637,-170.959089,-150.005896
505.998512,-172.011596,-149.931083
505.959374,-171.973698,-149.037972
507.026804,-172.026203,-149.005241
507.027801,-173.064486,-149.001601
507.017167,-172.995494,-148.987298
507.023908,-173.044397,-149.032503
507.065867,-173.008636,-149.002755
506.978082,-172.971226,-149.019978
506.953107,-172.982534,-149.052858
507.011342,-172.992202,-149.003301
507.023479,-173.023551,-148.976380
506.978933,-172.967035,-149.007970
507.040817,-172.911310,-148.968285
507.002929,-172.997085,-149.018509
507.034120,-173.015636,-148.984720
506.949749,-172.049220,-148.980675
506.948889,-172.003026,-148.965705
507.989220,-172.048073,-149.008005
507.959735,-170.985076,-149.023172
507.999193,-170.980720,-148.968760
508.031682,-171.023248,-148.997344
507.991183,-169.994587,-148.998723
