514.812104,-130.628192,-148.218856
514.812104,-130.628192,-148.218856
514.812104,-130.628192,-148.218856
514.812104,-130.628192,-148.218856
514.812104,-130.628192,-148.218856
514.812104,-130.628192,-148.218856
514.812104,-130.628192,-148.218856
514.812104,-130.628192,-148.218856
514.812104,-130.628192,-148.218856
514.812104,-130.628192,-148.218856
514.812104,-130.628192,-148.218856
514.812104,-130.628192,-148.218856
514.812104,-130.628192,-148.218856
514.812104,-130.628192,-148.218856
514.812104,-130.628192,-148.218856
514.812104,-130.628192,-148.218856
514.812104,-130.628192,-148.218856
514.812104,-130.628192,-148.218856
514.812104,-130.628192,-148.218856
514.812104,-130.628192,-148.218856
514.812104,-131.681645,-148.218856
514.812104,-131.681645,-148.218856
514.812104,-131.681645,-148.218856
514.812104,-132.735098,-148.218856
514.812104,-132.735098,-148.218856
514.812104,-133.788551,-148.218856
513.792674,-135.895457,-148.218856
513.792674,-138.002364,-148.218856
513.792674,-140.109270,-148.218856
512.773244,-142.216176,-148.218856
512.773244,-144.323083,-148.218856
511.753814,-147.483442,-148.218856
511.753814,-150.643802,-148.218856
511.753814,-153.804161,-148.218856
510.734384,-158.017974,-148.218856
509.714954,-161.178333,-148.218856
508.695524,-166.445599,-147.203658
507.676095,-170.659412,-147.203658
505.637235,-175.926677,-147.203658
505.637235,-181.193943,-147.203658
503.598375,-186.461209,-147.203658
502.578945,-192.781928,-146.188461
500.540085,-198.049194,-146.188461
500.540085,-204.369913,-145.173263
498.501225,-210.690632,-144.158066
496.462366,-217.011351,-143.142868
494.423506,-222.278616,-142.127670
493.404076,-228.599335,-140.097275
491.365216,-234.920054,-139.082077
489.326356,-241.240773,-136.036484
488.306926,-247.561492,-134.006089
486.268066,-254.935664,-130.960496
484.229207,-260.202930,-127.914903
483.209777,-266.523649,-123.854113
481.170917,-272.844368,-119.793322
479.132057,-278.111634,-115.732532
478.112627,-283.378900,-110.656543
477.093197,-288.646165,-105.580555
475.054338,-292.859978,-100.504567
473.015478,-297.073791,-95.428579
471.996048,-301.287603,-89.337393
470.976618,-305.501416,-83.246207
469.957188,-308.661775,-77.155021
468.937758,-311.822135,-71.063835
467.918328,-313.929041,-64.972649
466.898898,-316.035948,-57.866266
466.898898,-317.089401,-50.759882
466.898898,-318.142854,-43.653499
466.898898,-319.196307,-37.562313
466.898898,-319.196307,-29.440732
466.898898,-318.142854,-22.334348
466.898898,-318.142854,-15.227965
466.898898,-317.089401,-8.121581
466.898898,-316.035948,-1.015198
466.898898,-314.982494,6.091186
466.898898,-310.768682,20.303953
466.898898,-308.661775,27.410336
467.918328,-305.501416,34.516720
468.937758,-302.341057,41.623103
468.937758,-298.127244,47.714289
469.957188,-293.913431,53.805475
470.976618,-289.699619,59.896661
471.996048,-285.485806,65.987847
473.015478,-280.218540,71.063835
474.034908,-274.951274,77.155021
475.054338,-269.684009,82.231009
477.093197,-263.363290,87.306997
478.112627,-258.096024,91.367788
478.112627,-251.775305,95.428579
480.151487,-244.401133,100.504567
482.190347,-238.080414,103.550160
483.209777,-230.706242,107.610950
484.229207,-224.385523,110.656543
485.248637,-217.011351,113.702136
487.287496,-209.637179,116.747729
488.306926,-202.263006,119.793322
489.326356,-194.888834,121.823717
491.365216,-186.461209,123.854113
492.384646,-179.087037,124.869310
494.423506,-171.712865,125.884508
495.442936,-163.285240,126.899706
496.462366,-155.911067,126.899706
498.501225,-147.483442,126.899706
500.540085,-140.109270,126.899706
500.540085,-131.681645,125.884508
502.578945,-124.307473,124.869310
503.598375,-115.879847,123.854113
505.637235,-107.452222,122.838915
505.637235,-99.024597,120.808520
506.656665,-90.596972,119.793322
507.676095,-83.222800,118.778124
508.695524,-74.795174,116.747729
509.714954,-66.367549,114.717334
510.734384,-58.993377,113.702136
510.734384,-51.619205,111.671741
511.753814,-43.191580,108.626148
511.753814,-35.817407,106.595753
511.753814,-28.443235,104.565357
511.753814,-21.069063,102.534962
511.753814,-13.694891,100.504567
511.753814,-7.374172,97.458974
512.773244,0.000000,94.413381
512.773244,5.267266,91.367788
512.773244,11.587985,88.322195
512.773244,16.855251,85.276602
512.773244,23.175969,81.215812
512.773244,28.443235,77.155021
512.773244,33.710501,73.094230
512.773244,38.977767,69.033440
513.792674,43.191580,63.957452
513.792674,47.405392,58.881463
513.792674,51.619205,53.805475
513.792674,55.833017,48.729487
513.792674,58.993377,43.653499
513.792674,62.153736,37.562313
514.812104,65.314096,32.486325
514.812104,67.421002,26.395139
514.812104,69.527908,20.303953
514.812104,71.634815,14.212767
515.831534,72.688268,8.121581
515.831534,73.741721,1.015198
515.831534,74.795174,-4.060791
515.831534,75.848627,-10.151976
516.850964,75.848627,-17.258360
516.850964,75.848627,-23.349546
516.850964,75.848627,-29.440732
516.850964,74.795174,-36.547115
516.850964,73.741721,-42.638301
516.850964,72.688268,-48.729487
517.870394,70.581362,-54.820673
517.870394,68.474455,-60.911859
518.889824,66.367549,-67.003045
518.889824,64.260643,-72.079033
518.889824,61.100283,-78.170219
519.909253,57.939924,-83.246207
519.909253,54.779564,-89.337393
519.909253,50.565752,-94.413381
520.928683,46.351939,-99.489369
520.928683,42.138126,-104.565357
521.948113,32.657048,-113.702136
521.948113,27.389782,-118.778124
522.967543,22.122516,-122.838915
522.967543,16.855251,-126.899706
522.967543,10.534532,-130.960496
522.967543,4.213813,-134.006089
522.967543,-1.053453,-137.051682
522.967543,-7.374172,-140.097275
522.967543,-13.694891,-143.142868
522.967543,-21.069063,-145.173263
523.986973,-27.389782,-148.218856
523.986973,-34.763954,-150.249251
523.986973,-42.138126,-151.264449
523.986973,-49.512298,-153.294844
523.986973,-56.886471,-154.310042
523.986973,-63.207190,-155.325240
522.967543,-70.581362,-156.340437
522.967543,-77.955534,-157.355635
522.967543,-85.329706,-158.370833
522.967543,-92.703878,-158.370833
522.967543,-99.024597,-158.370833
522.967543,-105.345316,-158.370833
521.948113,-112.719488,-158.370833
521.948113,-119.040207,-158.370833
520.928683,-124.307473,-158.370833
520.928683,-129.574739,-157.355635
519.909253,-134.842004,-157.355635
519.909253,-140.109270,-157.355635
518.889824,-144.323083,-156.340437
518.889824,-148.536895,-156.340437
517.870394,-151.697255,-155.325240
517.870394,-155.911067,-155.325240
516.850964,-159.071427,-155.325240
516.850964,-162.231786,-154.310042
516.850964,-165.392146,-154.310042
516.850964,-167.499052,-153.294844
516.850964,-169.605959,-153.294844
516.850964,-171.712865,-153.294844
516.850964,-172.766318,-152.279647
516.850964,-173.819771,-152.279647
515.831534,-175.926677,-152.279647
515.831534,-176.980131,-152.279647
515.831534,-178.033584,-152.279647
515.831534,-179.087037,-152.279647
515.831534,-179.087037,-152.279647
515.831534,-180.140490,-152.279647
515.831534,-181.193943,-152.279647
515.831534,-181.193943,-151.264449
516.850964,-181.193943,-151.264449
516.850964,-182.247396,-151.264449
516.850964,-182.247396,-151.264449
516.850964,-182.247396,-151.264449
516.850964,-182.247396,-151.264449
516.850964,-182.247396,-151.264449
516.850964,-182.247396,-151.264449
516.850964,-182.247396,-151.264449
516.850964,-182.247396,-151.264449
516.850964,-182.247396,-151.264449
516.850964,-182.247396,-151.264449
516.850964,-182.247396,-151.264449
516.850964,-182.247396,-151.264449
516.850964,-181.193943,-151.264449
516.850964,-181.193943,-151.264449
517.870394,-181.193943,-151.264449
517.870394,-180.140490,-151.264449
517.870394,-180.140490,-151.264449
517.870394,-180.140490,-151.264449
517.870394,-179.087037,-151.264449
