579.033587,-49.021593,-49.029481
578.967981,-49.019180,-48.942332
579.014922,-49.018158,-48.965743
578.936097,-49.003373,-49.035823
579.012873,-49.028889,-48.977782
579.034984,-49.085415,-49.000079
578.947002,-48.956331,-48.986104
579.044369,-49.049659,-49.017155
578.983057,-48.980140,-48.963891
579.014256,-49.003804,-48.977238
578.959475,-48.983504,-48.992332
579.011706,-48.990835,-48.998849
579.013022,-49.015227,-49.025330
578.953456,-49.001019,-48.990818
578.968657,-50.012064,-49.014838
578.999220,-49.956819,-49.046764
579.012172,-50.007894,-48.993057
578.936784,-51.041623,-48.985595
578.949590,-51.001598,-48.987367
579.009345,-51.010458,-49.004717
579.039790,-51.013866,-48.957568
577.950442,-52.001335,-48.984851
577.949927,-52.016637,-48.994855
578.039078,-52.020577,-49.011626
578.005304,-52.996560,-49.043533
577.990322,-54.022616,-48.976891
578.004798,-54.973695,-48.973895
578.005922,-54.989711,-49.017496
577.948402,-56.995881,-49.000992
578.055480,-57.981779,-48.992057
578.043219,-58.994923,-48.977593
577.981154,-59.987441,-49.010423
578.024299,-62.033055,-48.923825
578.011979,-64.016426,-49.017621
578.001828,-64.940355,-48.962811
578.007367,-67.032105,-49.077297
578.023099,-69.013693,-49.002958
578.048437,-72.023108,-48.978123
577.028685,-73.989396,-49.032770
576.934055,-75.974750,-49.064651
576.970092,-79.005274,-48.940328
577.008437,-81.016175,-48.953591
575.969658,-83.991325,-49.011331
576.021321,-86.932139,-49.025504
574.963668,-89.990756,-49.023373
575.023540,-92.962297,-49.001418
574.016908,-98.999302,-49.009213
574.008686,-101.956984,-48.969257
572.986761,-104.982947,-48.983140
572.992887,-107.993215,-47.983877
573.020624,-111.974351,-47.955357
572.999067,-115.022036,-47.964641
571.972697,-117.992365,-46.970497
571.987846,-120.997153,-46.989596
570.992373,-124.050442,-45.906641
570.979848,-127.001979,-44.984405
569.970592,-130.038253,-44.018395
569.962503,-132.988697,-42.989050
569.009027,-135.989954,-40.971188
569.022331,-137.945284,-40.023611
568.045028,-140.965735,-38.019838
568.004445,-142.974476,-36.007313
566.972439,-146.016551,-33.970526
566.965954,-148.012602,-31.965826
567.047558,-149.946571,-29.010735
566.995021,-151.995468,-25.999636
566.995247,-153.988377,-23.963121
566.978044,-155.979385,-20.007080
566.014123,-158.060342,-17.004387
565.997827,-159.978360,-13.973335
565.959751,-160.978693,-10.000973
564.965864,-162.039551,-6.957499
564.956782,-163.953159,-3.018375
564.946446,-165.003795,-0.015998
565.010017,-165.985541,4.010280
564.008432,-166.005185,7.972057
563.998755,-166.998485,11.991738
563.989521,-166.977226,16.989477
564.047738,-166.940812,21.030294
564.006747,-166.987065,26.052143
564.054766,-166.973502,29.986244
562.989185,-166.027566,34.035544
563.016220,-165.988673,38.954030
563.056142,-164.964820,43.010868
563.007860,-164.002055,47.987308
562.999888,-163.010158,52.010672
563.005953,-161.990829,56.008484
563.004291,-161.026562,60.980220
563.022297,-159.971530,65.019839
562.942879,-158.036920,69.034587
562.035864,-156.036043,78.041623
562.073287,-154.046746,80.988030
562.008613,-152.944470,85.021894
561.999882,-151.034814,89.043918
562.058556,-149.023758,91.987065
562.001071,-146.977292,95.029795
562.039931,-145.008992,98.971291
562.034654,-142.999499,102.001752
562.028829,-140.978664,104.005059
561.945442,-139.062682,107.031530
561.982817,-136.980390,109.015267
562.008531,-133.978818,110.983159
561.947147,-131.983663,112.964180
562.985046,-128.978688,114.959202
563.010004,-126.985937,115.973686
563.009458,-123.992589,117.032773
564.003234,-120.989264,117.946348
564.011120,-117.948646,118.999102
565.013908,-114.972197,119.028622
565.040075,-110.994532,118.963091
566.030651,-108.068224,118.990545
566.001727,-105.005660,119.004999
566.985123,-100.970523,118.945762
567.020087,-97.048720,119.006712
566.956128,-94.001633,118.961921
567.015963,-90.026610,119.021527
567.967822,-86.005429,118.989205
567.985366,-81.976997,118.979488
568.990964,-78.014911,118.976190
569.046989,-74.028409,119.005950
569.993423,-70.032017,119.000435
570.033486,-65.034981,118.966645
571.040799,-61.021820,118.975777
571.035748,-56.994371,119.004754
570.965418,-53.010825,118.999403
572.015011,-48.007233,118.987425
571.971484,-44.020300,118.962254
571.984018,-39.959729,119.008379
572.990230,-35.021307,119.001888
573.023497,-30.975810,119.022978
572.999708,-27.008711,118.992841
572.983414,-23.011881,118.976827
572.980212,-17.981581,118.981285
572.998187,-13.934140,118.015564
573.019815,-10.017546,117.966224
573.044218,-5.975051,116.971263
573.046983,-1.953563,117.014372
572.949543,1.020129,115.962412
574.001459,7.991580,114.087729
573.960856,11.973488,112.023545
573.959547,16.028823,109.987121
573.998027,18.958650,107.963886
574.035850,22.992729,105.995800
574.998315,25.996844,104.004485
575.023395,29.029644,100.953670
574.956217,32.964209,97.977346
575.997944,35.978117,95.021750
576.045776,38.053643,92.014536
576.062225,41.046213,87.973021
576.006051,44.031094,85.023742
576.962332,45.986395,80.926274
577.002583,47.978299,76.957671
576.976608,49.995426,73.001125
578.043436,51.986674,68.983363
577.978102,54.007305,64.989869
577.982779,55.043529,60.042312
577.973259,56.970249,56.051705
578.027833,58.007056,51.978761
577.992558,58.016431,46.994523
578.029485,58.983427,43.012659
578.970778,58.999547,37.972644
579.009087,59.976129,33.987759
579.029686,58.983866,28.982413
579.004867,58.965666,24.967744
579.016867,58.969861,19.979999
580.043133,58.945642,16.023020
579.991400,58.006328,12.041050
580.002728,57.976715,7.019459
579.973507,56.941564,3.036736
580.015713,56.020750,-0.006178
580.038948,55.000679,-4.021754
580.012100,53.992409,-8.003923
580.025125,52.989216,-11.992312
580.001992,52.056363,-15.989852
579.961752,50.973019,-20.012444
579.979787,48.959541,-23.997047
580.010108,47.010196,-26.992958
580.000472,46.021477,-31.002101
580.010385,43.970625,-33.972505
580.005409,42.027838,-36.998554
580.021523,40.048743,-40.016536
579.975797,38.005986,-42.955816
580.012308,35.015017,-46.019627
579.991572,33.001183,-47.987595
579.957148,30.011147,-50.011658
579.982206,27.992897,-52.998416
580.023835,24.950156,-54.979424
579.971481,22.036108,-56.015194
579.012657,18.973755,-57.949199
578.984335,16.006949,-60.077103
578.969726,12.041165,-60.975651
579.008602,8.962416,-62.011705
578.985685,4.968246,-62.988582
578.929283,1.044975,-64.022944
578.954043,-1.997829,-65.068179
578.993356,-5.065406,-64.989878
578.986232,-8.054960,-65.012767
579.015449,-12.043609,-64.962231
579.029469,-16.019470,-65.044066
579.013183,-19.976374,-64.977488
579.025712,-23.964926,-64.988513
577.998981,-32.025201,-64.977035
577.957442,-35.999213,-64.971850
578.034177,-38.994694,-65.008045
577.956629,-43.067408,-64.990885
578.016929,-46.045040,-64.952051
577.996697,-49.965664,-64.976052
578.019267,-53.010641,-64.985462
577.984573,-55.974099,-64.992489
577.951003,-58.013576,-64.990085
576.986913,-61.014672,-65.018097
577.078215,-62.941265,-64.992542
576.962440,-65.031503,-64.989125
577.013394,-67.017931,-65.037256
577.021962,-69.005936,-65.047269
576.015630,-69.985474,-64.992425
575.948752,-71.977362,-64.958970
576.023377,-72.936048,-64.985516
575.984274,-74.025803,-65.040352
575.972195,-74.979269,-64.966244
575.974709,-76.069973,-64.958449
576.001485,-76.021741,-64.999999
575.991857,-76.971588,-64.953722
575.989961,-76.964680,-65.023771
576.000708,-77.976211,-64.995455
576.018608,-78.051649,-64.996026
576.001155,-78.033794,-64.984667
575.962370,-78.023308,-65.018486
575.964841,-78.061634,-65.005436
576.020493,-77.981966,-65.031407
576.031060,-77.981097,-64.974092
575.988788,-77.020684,-65.020487
576.031839,-76.963047,-64.956005
576.051859,-77.018893,-65.005105
576.011956,-77.031620,-64.981222
576.002246,-76.985013,-65.034756
575.978182,-77.038474,-64.950736
575.955894,-77.023705,-64.918309
575.986049,-77.032849,-65.018894
