579.137135,-49.027316,-48.939090
579.003129,-48.976238,-48.976928
579.038531,-49.001990,-48.957416
579.005739,-49.040617,-48.934608
578.996390,-49.003471,-49.064270
579.032705,-48.956367,-49.019242
578.960741,-48.985150,-49.047696
579.000662,-48.990787,-48.984615
579.022601,-49.043786,-49.080038
578.926761,-48.982498,-48.937558
579.002669,-48.897314,-48.886337
578.987420,-49.024726,-48.986385
578.935684,-49.048531,-48.995626
579.015546,-48.954967,-48.976745
579.065014,-49.954912,-49.009654
578.963492,-49.985928,-48.920197
578.966338,-49.919395,-48.896028
578.937107,-51.002234,-49.041919
578.951014,-51.021076,-49.000181
579.017660,-51.031628,-49.012288
579.069950,-50.988548,-48.962544
577.897323,-52.018835,-48.976032
577.996976,-52.054809,-49.038136
578.033461,-52.036317,-49.098907
578.047049,-53.090870,-48.982591
577.937683,-53.933640,-49.010831
577.991314,-55.002904,-49.007695
578.012086,-55.014294,-49.034346
577.961117,-56.947209,-48.942854
577.956834,-57.963173,-48.979076
578.079521,-58.962639,-49.070690
577.948942,-60.050535,-48.974707
577.964109,-62.044626,-48.900391
578.053276,-64.005897,-48.983045
578.012557,-65.093885,-49.045235
578.010663,-66.908292,-49.063003
577.991833,-69.007443,-48.994672
577.987757,-72.013996,-49.045799
576.965429,-74.039217,-49.028055
577.003536,-76.037760,-49.037145
576.995608,-79.037488,-49.022575
577.074491,-80.973193,-48.984828
576.059388,-84.018634,-49.044355
575.962092,-87.020010,-48.991148
575.001697,-89.958379,-49.035909
574.995935,-92.963957,-49.003321
574.071649,-99.016244,-49.039022
574.076149,-101.998659,-48.985291
572.940637,-105.041407,-49.033508
573.106652,-107.990266,-47.989532
572.941880,-112.007060,-47.984156
573.022493,-114.985933,-47.990850
571.945844,-117.956118,-46.974715
572.032149,-120.966428,-47.049221
570.993824,-124.060396,-45.930253
570.990143,-127.007137,-44.979807
570.020421,-129.971571,-43.991446
569.972745,-132.909664,-43.104967
569.033309,-135.994075,-41.053166
568.926890,-137.982655,-39.968320
568.035190,-141.030141,-38.040195
567.964202,-142.981297,-35.987080
567.090449,-146.006552,-34.031853
567.035536,-148.035370,-31.890323
566.946393,-150.100702,-29.077011
566.965800,-152.044615,-26.083703
566.998543,-154.067369,-24.026158
566.965958,-156.051163,-20.048319
565.996490,-157.997259,-16.995941
566.059538,-159.970206,-13.977495
565.970935,-161.084382,-10.005153
564.988597,-162.003970,-6.941435
565.029571,-163.921354,-3.148243
564.960670,-164.990226,-0.012425
564.940628,-165.913323,4.068931
564.020602,-166.014273,8.013034
564.012184,-166.979661,11.978890
564.016368,-166.980854,16.994643
564.025300,-166.900852,21.014516
563.974013,-166.974882,26.025238
564.034671,-167.002192,29.951841
562.991180,-165.952493,34.006296
562.954999,-165.975999,39.028146
562.993033,-164.996931,42.989835
562.977877,-163.979652,47.920456
563.045461,-162.910901,51.940059
562.993796,-161.949350,56.026251
563.007965,-161.033023,60.977302
563.005954,-160.064585,64.961495
563.030744,-157.983042,69.019464
562.007961,-155.955465,77.963823
562.046235,-154.012895,81.000674
562.010480,-152.984600,84.969338
561.916004,-151.039523,89.019309
561.978621,-148.920323,91.981224
561.959034,-147.039922,95.060380
561.967484,-144.982739,98.998933
562.016609,-143.026208,101.973048
561.989944,-140.981001,104.008025
562.000731,-139.115325,107.032566
561.981563,-136.934505,108.917075
561.981892,-134.028666,110.988113
562.087680,-132.075736,112.983693
562.922193,-128.936934,114.962825
562.957655,-126.994821,115.947153
563.058391,-124.004060,117.017672
564.019791,-121.070485,117.981859
563.984326,-118.065966,118.934914
564.891129,-115.051870,119.009997
564.992946,-110.991335,119.025210
566.063273,-108.000207,118.966263
565.951485,-105.043258,119.042237
567.017947,-100.977301,119.045439
566.919643,-96.935607,118.953895
567.042897,-94.015188,118.920141
567.016604,-89.937975,119.071654
568.080758,-86.026639,119.049703
568.053135,-82.006528,119.002485
568.933850,-78.034826,119.031966
569.027389,-73.960590,118.971801
569.991818,-70.029450,119.000140
570.042591,-64.978338,118.914631
570.985369,-60.957895,119.010605
571.029951,-56.972232,119.016743
570.949688,-53.032930,118.906829
572.002299,-48.061646,119.071801
571.933037,-44.030520,118.988065
571.951959,-40.000336,118.961751
573.016026,-34.977269,118.990947
573.018057,-31.014915,118.948415
572.979107,-26.983064,118.956894
573.116902,-22.966505,119.028385
572.959293,-17.919449,119.033292
572.976965,-14.027280,117.909931
572.983620,-9.968641,117.961660
573.001854,-5.956766,117.049536
573.031199,-1.931037,117.032241
573.040897,1.111413,116.005157
574.012764,8.031584,114.055322
573.967447,11.996441,111.952752
573.963754,16.035502,109.954281
573.892067,19.030765,107.879294
573.998000,22.995698,105.983346
574.991492,25.997832,103.977143
575.019357,29.002889,100.980260
574.995266,32.986607,98.044781
576.027960,35.987447,95.083149
575.947813,38.074861,92.128642
576.034270,41.079454,87.961865
575.969682,44.031576,84.959343
577.069910,45.996106,81.060888
577.045533,48.036933,76.994787
576.923667,50.007825,73.029484
578.011120,52.037671,69.090914
578.062830,53.992567,65.057470
578.037220,55.052144,59.970901
577.989651,57.107949,56.006871
577.991739,58.071492,51.957600
578.036798,58.057852,47.024673
578.032941,59.030656,43.049290
579.048106,58.985406,38.002179
579.048347,59.972410,33.985763
579.045275,58.980298,29.022092
579.011531,59.059385,25.030714
579.045239,58.937935,20.038165
580.016071,58.978691,15.974711
580.019855,57.969408,11.949568
580.002107,58.031340,7.015392
580.079324,56.963048,2.997604
579.894805,55.905319,0.023728
579.984569,54.998737,-3.915852
580.045680,54.071076,-7.934994
579.951781,53.002377,-11.987609
580.057939,51.967890,-15.991955
580.009143,50.918046,-20.015137
580.017319,49.011951,-23.983595
579.985241,47.006331,-26.996087
579.999398,46.020852,-30.995825
579.886386,44.015430,-34.065428
580.032180,42.005095,-36.958029
579.983728,40.000041,-39.972607
579.951614,38.023704,-42.989917
579.958080,35.027059,-45.971311
579.994530,32.933929,-48.005127
580.031459,30.030441,-49.960106
580.072436,27.940119,-52.993570
580.171303,25.064664,-54.962544
580.004077,22.025419,-55.993014
579.077059,18.934682,-58.011836
578.974190,15.987097,-59.919314
579.092799,11.957441,-61.001693
579.051393,9.022497,-61.960621
579.002908,5.034638,-63.008925
578.959921,0.931741,-63.965805
578.940203,-2.069532,-65.047533
578.928660,-4.981685,-65.033575
579.006394,-7.971404,-65.001901
579.026474,-11.980250,-64.999327
578.968992,-16.035107,-65.023289
579.057618,-19.974737,-64.957187
578.993603,-24.013496,-64.935900
578.028188,-31.993349,-65.010688
577.941937,-35.990698,-64.987937
577.970142,-38.928855,-65.047983
577.902799,-43.054483,-64.946616
578.087158,-45.980322,-64.989925
578.070094,-49.969423,-65.002997
577.971594,-52.966884,-65.102784
577.943805,-55.914124,-64.995809
578.029991,-58.056852,-64.978002
577.000485,-61.105590,-64.978500
577.005092,-62.967098,-65.002555
576.992484,-65.028799,-65.006828
577.043474,-67.029172,-65.019520
577.058601,-68.991852,-65.054863
575.935034,-69.955572,-64.979084
576.056340,-71.988658,-65.022686
575.990300,-73.044964,-64.980702
576.010855,-74.016989,-65.046745
575.907660,-74.979315,-65.048890
575.975941,-75.987622,-64.941198
576.053791,-76.043494,-64.995939
575.959023,-76.995074,-65.027721
576.050865,-76.983016,-64.980374
576.011251,-78.041671,-65.062615
575.963307,-77.968122,-64.918661
575.998114,-78.082863,-65.005464
575.971159,-78.002703,-65.040195
576.091396,-78.044519,-65.031360
575.983895,-77.991537,-65.045703
575.983707,-78.043738,-65.027183
576.043772,-77.007593,-65.073028
576.050358,-76.963599,-65.009094
576.015155,-77.021754,-65.000126
576.055311,-76.997821,-65.021077
575.990914,-76.977977,-64.956138
576.024921,-77.006166,-65.044388
575.953404,-77.004608,-65.070062
575.941808,-77.012652,-65.036971
