579.000000,-49.000000,-49.000000
579.000000,-49.000000,-49.000000
579.000000,-49.000000,-49.000000
579.000000,-49.000000,-49.000000
579.000000,-49.000000,-49.000000
579.000000,-48.999997,-49.000000
579.000000,-49.000005,-49.000000
579.000000,-49.000052,-49.000000
579.000000,-49.000134,-49.000000
579.000000,-48.999585,-49.000000
579.000000,-48.999554,-49.000000
579.000002,-49.019575,-49.000000
579.000001,-49.010580,-49.000000
579.000002,-49.021386,-49.000000
579.001324,-51.048535,-49.000000
578.988166,-50.988308,-49.000000
578.999947,-50.023019,-49.000000
579.031125,-50.970063,-49.000000
579.002380,-51.071891,-49.000000
578.999860,-50.086655,-49.000000
579.071657,-50.936954,-49.000000
579.107634,-50.899555,-49.000000
578.001360,-53.650938,-49.000000
578.002146,-51.976847,-49.000000
578.000013,-57.631585,-49.000000
578.022342,-51.889921,-49.000000
577.999592,-54.213731,-49.000000
577.999992,-58.855245,-49.000000
577.999630,-54.799843,-49.000000
577.999960,-55.622378,-49.000000
577.999856,-60.958147,-49.000000
578.000009,-57.279986,-49.000000
578.004448,-66.749627,-49.000000
577.999851,-61.208432,-49.000000
577.997934,-64.550234,-49.000000
576.986899,-78.554683,-49.000002
577.998947,-67.044117,-49.000000
578.007327,-65.946772,-49.000000
577.064704,-80.730990,-48.999994
576.933003,-74.234755,-49.000000
576.153683,-83.315662,-49.000033
576.938973,-81.195007,-49.000006
577.110357,-80.260765,-48.999990
574.981618,-90.103876,-48.999856
576.050216,-86.216429,-48.999867
577.009802,-79.147708,-48.999999
573.754990,-102.846035,-49.064476
574.886242,-93.859746,-49.002307
575.034470,-92.566249,-48.999050
573.098640,-114.333370,-48.114381
572.890469,-105.977854,-48.688547
573.977925,-102.110643,-49.007643
572.925048,-115.275097,-47.921719
572.987112,-111.204777,-47.931344
569.021935,-137.139819,-40.405105
570.998417,-127.009431,-44.996867
572.043345,-120.617984,-47.025824
568.591382,-139.273021,-39.255268
572.918757,-106.745280,-48.377041
566.935157,-147.503331,-32.631746
566.884297,-146.891101,-33.280638
567.072776,-145.741734,-34.177577
567.027078,-148.972801,-30.610981
568.555635,-139.366436,-39.195402
567.002073,-149.898528,-29.165151
566.981930,-147.841484,-32.209826
569.983913,-133.094498,-42.949654
567.002557,-151.741586,-26.303390
566.995151,-152.232623,-25.762956
566.081479,-160.348015,-12.986932
565.092934,-165.575021,1.867567
563.002516,-163.577913,49.850858
568.041222,-142.533718,-36.415952
562.904280,-165.986391,36.726072
566.026258,-157.922509,-17.095339
564.002783,-166.989463,19.766109
562.996317,-164.218470,46.855461
562.000080,-145.804104,97.380192
563.994000,-166.993684,30.033913
563.838365,-166.829984,30.718522
564.088957,-167.093331,29.230197
567.086035,-155.593431,-20.836933
564.100689,-167.105505,28.991284
561.992814,-137.679672,108.492588
562.903520,-165.985263,36.698266
563.000439,-163.966077,48.165822
563.028832,-165.707157,40.645513
562.000091,-145.899011,97.182946
562.991790,-160.874541,61.713679
562.001973,-139.878834,105.631877
563.006994,-161.518665,58.271158
562.000698,-140.631622,104.490818
563.945176,-166.765567,10.865493
563.999535,-166.978021,18.904512
562.001175,-149.550626,91.212712
563.001859,-163.809743,48.885979
567.031881,-100.774828,118.999967
563.951781,-121.259702,117.903923
570.875735,-55.222132,119.000003
562.905962,-165.988786,36.785125
561.991270,-132.035753,112.969454
561.996085,-138.541685,107.619711
565.981450,-106.268551,118.998728
563.026975,-127.172642,115.933741
570.897911,-53.952870,119.000003
570.235801,-63.696391,119.000000
567.070288,-98.227375,118.999920
568.977895,-75.600311,119.000000
566.031154,-107.790311,118.999350
569.044567,-77.388573,119.000000
566.937824,-92.897599,118.999992
568.441260,-80.199033,119.000000
573.000072,-23.027895,118.998908
562.000061,-143.187223,101.788905
570.334431,-63.336150,119.000000
570.877876,-55.289689,119.000003
572.067302,-47.440870,119.000010
573.001898,-11.802480,118.016359
570.030853,-64.729085,119.000000
572.900341,-35.628125,119.000364
562.004018,-136.777227,109.149371
573.000170,-17.536356,118.918662
573.525946,4.578864,115.004011
573.017287,-4.689940,116.926093
567.220468,-89.006388,119.000002
573.001545,-10.747146,118.047610
563.084932,-127.542071,115.781318
575.605903,34.940424,96.226274
575.227868,33.911314,97.228244
572.082133,-47.279370,119.000013
576.035711,36.142985,94.813884
573.000539,-13.365448,117.958737
573.242297,2.732762,115.499664
573.888761,7.071995,114.300212
567.024393,-100.831993,118.999975
575.902814,43.202765,85.912025
576.007296,40.748183,88.275135
576.870859,49.056577,74.926921
572.979602,-30.340614,119.002667
572.975940,-28.740184,119.008189
571.870479,-41.676383,118.999840
572.997119,-9.238002,117.857636
579.999999,50.466073,-21.343946
572.987793,-27.864240,119.007028
573.009661,-2.190179,117.008070
576.488458,45.069112,83.115227
574.074990,23.372201,105.809904
577.975666,54.250672,63.929100
576.000925,39.432332,89.915311
578.942532,58.991308,20.531896
573.027507,-2.975058,116.992173
574.925156,29.887913,100.287404
579.999872,54.438337,-6.256892
578.029402,53.779396,65.658151
580.000000,46.755286,-27.805128
570.048504,-69.245895,119.000000
580.061379,24.122733,-55.292814
580.004758,57.376846,4.056822
579.999990,52.500593,-13.930970
577.686305,51.279828,70.349232
578.893215,17.820704,-58.944608
580.000550,55.587560,-1.584046
579.991167,58.026313,7.788555
580.007185,57.603845,4.792119
574.027747,18.281240,108.456170
579.999925,54.251495,-6.998301
574.935818,29.744334,100.397296
573.975422,14.860444,110.596813
579.999956,54.155723,-7.378814
580.000063,33.049199,-47.965972
578.001080,-43.319045,-65.000000
579.999999,50.195859,-21.924441
578.890621,58.998178,21.953043
579.023913,15.182910,-60.275631
575.903491,42.753025,86.341925
579.072622,-21.059486,-64.999884
578.530709,-27.744845,-65.000030
579.193508,19.663142,-57.478058
579.005081,-15.400540,-64.999549
579.971184,26.297711,-54.385333
579.029397,58.867293,27.458667
580.001422,29.755166,-50.275918
576.000006,-76.963202,-65.000000
580.007391,57.633784,4.900265
579.311995,19.990957,-57.232490
576.000000,-77.286749,-65.000000
578.021188,57.932149,47.793940
579.999993,52.841169,-12.614630
580.000002,51.843550,-16.724535
578.022440,-37.688671,-65.000002
578.998467,-11.279131,-65.002043
580.106883,23.247200,-55.546920
577.025826,-63.369559,-65.000000
578.028875,-36.976559,-65.000002
576.000000,-78.003035,-65.000000
576.000000,-77.012334,-65.000000
579.978120,26.973018,-53.947485
578.015171,-57.938547,-65.000000
579.000165,0.056995,-64.341110
576.989821,-61.043562,-65.000000
580.000025,53.866070,-8.537777
577.993710,-41.448394,-65.000000
578.979628,-17.482133,-65.000436
576.000000,-78.072271,-65.000000
576.992502,-65.164844,-65.000000
576.000132,-75.964176,-65.000000
576.000000,-78.002028,-65.000000
580.037557,58.129990,12.810073
575.999858,-73.002623,-65.000000
579.000845,-15.920593,-64.999949
576.000000,-78.004180,-65.000000
579.986547,27.394789,-53.612949
578.913579,17.329506,-59.294006
575.999979,-76.788045,-65.000000
576.000000,-77.000000,-65.000000
576.975709,-65.573284,-65.000000
576.000000,-77.028888,-65.000000
576.000000,-78.089404,-65.000000
576.000000,-78.038009,-65.000000
576.000000,-78.005041,-65.000000
576.000000,-77.000000,-65.000000
580.001773,28.095363,-52.881529
577.068521,-67.682669,-65.000000
580.000415,33.403452,-47.693868
576.000000,-77.001716,-65.000000
576.011827,-72.835529,-65.000000
575.990128,-71.907390,-65.000000
576.000000,-77.000000,-65.000000
578.665862,-26.745952,-65.000031
576.000000,-77.000000,-65.000000
576.000000,-78.008657,-65.000000
576.000000,-77.000000,-65.000000
576.000001,-78.100083,-65.000000
576.000000,-76.999893,-65.000000
576.007804,-72.080928,-65.000000
576.000000,-77.000000,-65.000000
577.892909,-33.889038,-64.999992
576.000000,-77.000000,-65.000000
576.000000,-78.043106,-65.000000
