486.255609,-91.792245,-283.047480
486.255609,-91.792245,-283.047480
486.255609,-91.792245,-283.047480
486.255609,-91.792245,-283.047480
486.255609,-91.792245,-283.047480
486.255609,-91.792245,-283.047480
486.255609,-91.792245,-283.047480
486.255609,-91.792245,-283.047480
486.255609,-91.792245,-283.047480
486.255609,-91.792245,-283.047480
486.255609,-91.792245,-283.047480
486.255609,-91.792245,-283.047480
486.255609,-91.792245,-283.047480
486.255609,-91.792245,-283.047480
486.255609,-91.792245,-283.047480
486.255609,-91.792245,-283.047480
486.255609,-91.792245,-283.047480
486.255609,-91.792245,-283.047480
486.255609,-91.792245,-283.047480
486.255609,-91.792245,-283.047480
486.255609,-91.792245,-283.047480
486.255609,-91.792245,-283.047480
486.255609,-91.792245,-283.047480
486.255609,-91.792245,-283.047480
486.255609,-91.792245,-283.047480
486.255609,-91.792245,-283.047480
486.255609,-91.792245,-283.047480
486.255609,-91.792245,-283.047480
486.255609,-91.792245,-283.047480
486.255609,-92.823618,-283.047480
487.353251,-92.823618,-282.392277
487.353251,-92.823618,-282.392277
488.450894,-92.823618,-281.737075
489.548536,-93.854992,-281.081872
490.646179,-93.854992,-279.771467
490.646179,-93.854992,-279.116265
491.743821,-94.886366,-277.805860
492.841463,-95.917739,-277.150657
495.036748,-96.949113,-275.185050
496.134391,-97.980486,-273.874645
500.524961,-101.074607,-269.943430
502.720246,-102.105980,-267.977822
504.915530,-104.168727,-265.357012
508.208458,-106.231474,-262.736202
510.403743,-108.294222,-259.460190
513.696670,-110.356969,-256.184177
515.891955,-113.451089,-253.563367
519.184882,-115.513836,-249.632152
521.380167,-118.607957,-246.356140
524.673095,-120.670704,-242.424925
527.966022,-123.764825,-239.148912
531.258949,-126.858945,-234.562495
533.454234,-128.921692,-230.631280
537.844804,-132.015813,-226.700065
540.040089,-135.109934,-222.113647
544.430659,-138.204054,-217.527230
546.625944,-141.298175,-212.940812
549.918871,-145.423669,-207.699192
553.211799,-148.517790,-203.112775
556.504726,-151.611910,-197.871155
558.700011,-155.737404,-192.629535
561.992938,-158.831525,-187.387915
564.188223,-161.925646,-182.801497
567.481151,-166.051140,-177.559877
568.578793,-169.145260,-171.663055
571.871720,-173.270754,-166.421435
574.067005,-176.364875,-161.179815
576.262290,-180.490369,-155.282992
578.457575,-183.584490,-150.041372
580.652860,-186.678610,-144.799752
583.945787,-193.898225,-133.006107
586.141072,-196.992346,-127.109285
587.238715,-200.086466,-121.867665
589.434000,-202.149214,-115.970842
590.531642,-205.243334,-110.074020
592.726927,-208.337455,-104.832400
592.726927,-211.431575,-98.935577
593.824570,-213.494322,-93.693957
594.922212,-215.557070,-87.797135
596.019854,-218.651190,-82.555515
597.117497,-220.713937,-77.313895
598.215139,-222.776684,-72.072275
598.215139,-223.808058,-66.830655
598.215139,-225.870805,-61.589035
599.312782,-227.933552,-57.002617
599.312782,-229.996299,-52.416200
599.312782,-231.027673,-47.829782
599.312782,-232.059046,-43.243365
600.410424,-234.121793,-38.656947
600.410424,-235.153167,-34.725732
600.410424,-236.184540,-30.794517
600.410424,-237.215914,-26.863302
600.410424,-238.247287,-23.587290
600.410424,-239.278661,-19.656075
600.410424,-240.310034,-16.380062
600.410424,-241.341408,-13.759252
599.312782,-242.372782,-10.483240
599.312782,-242.372782,-7.862430
599.312782,-243.404155,-5.241620
599.312782,-243.404155,-3.276012
599.312782,-244.435529,-1.310405
599.312782,-244.435529,1.310405
599.312782,-244.435529,2.620810
599.312782,-244.435529,3.931215
599.312782,-244.435529,5.241620
599.312782,-244.435529,5.896822
599.312782,-244.435529,6.552025
599.312782,-244.435529,6.552025
599.312782,-244.435529,6.552025
599.312782,-244.435529,6.552025
599.312782,-244.435529,6.552025
599.312782,-244.435529,6.552025
599.312782,-244.435529,6.552025
599.312782,-244.435529,6.552025
599.312782,-244.435529,6.552025
599.312782,-244.435529,6.552025
599.312782,-244.435529,6.552025
599.312782,-244.435529,6.552025
599.312782,-244.435529,6.552025
599.312782,-244.435529,6.552025
599.312782,-244.435529,6.552025
599.312782,-244.435529,6.552025
599.312782,-244.435529,6.552025
599.312782,-244.435529,6.552025
599.312782,-244.435529,6.552025
599.312782,-244.435529,6.552025
599.312782,-244.435529,6.552025
599.312782,-244.435529,6.552025
599.312782,-244.435529,6.552025
599.312782,-244.435529,6.552025
599.312782,-244.435529,6.552025
599.312782,-244.435529,6.552025
599.312782,-244.435529,6.552025
599.312782,-244.435529,6.552025
599.312782,-244.435529,6.552025
599.312782,-244.435529,6.552025
599.312782,-244.435529,6.552025
599.312782,-244.435529,6.552025
599.312782,-244.435529,6.552025
599.312782,-244.435529,6.552025
599.312782,-244.435529,6.552025
599.312782,-244.435529,6.552025
599.312782,-244.435529,6.552025
599.312782,-244.435529,6.552025
599.312782,-244.435529,6.552025
599.312782,-244.435529,6.552025
599.312782,-244.435529,6.552025
599.312782,-244.435529,6.552025
599.312782,-244.435529,6.552025
599.312782,-244.435529,6.552025
599.312782,-244.435529,6.552025
599.312782,-244.435529,6.552025
599.312782,-244.435529,6.552025
599.312782,-244.435529,6.552025
599.312782,-244.435529,6.552025
599.312782,-244.435529,6.552025
599.312782,-244.435529,6.552025
599.312782,-244.435529,6.552025
599.312782,-244.435529,6.552025
599.312782,-244.435529,6.552025
599.312782,-244.435529,6.552025
599.312782,-244.435529,6.552025
599.312782,-244.435529,6.552025
599.312782,-244.435529,6.552025
599.312782,-244.435529,6.552025
599.312782,-244.435529,6.552025
599.312782,-244.435529,6.552025
599.312782,-244.435529,6.552025
599.312782,-244.435529,6.552025
599.312782,-244.435529,6.552025
599.312782,-244.435529,6.552025
599.312782,-244.435529,6.552025
599.312782,-244.435529,6.552025
599.312782,-244.435529,6.552025
599.312782,-244.435529,6.552025
599.312782,-244.435529,6.552025
599.312782,-244.435529,6.552025
599.312782,-244.435529,6.552025
599.312782,-244.435529,6.552025
599.312782,-244.435529,6.552025
599.312782,-244.435529,6.552025
599.312782,-244.435529,6.552025
599.312782,-244.435529,6.552025
599.312782,-244.435529,6.552025
599.312782,-244.435529,6.552025
599.312782,-244.435529,6.552025
599.312782,-244.435529,6.552025
599.312782,-244.435529,6.552025
599.312782,-244.435529,6.552025
599.312782,-244.435529,6.552025
599.312782,-244.435529,6.552025
598.215139,-244.435529,6.552025
598.215139,-244.435529,7.207227
598.215139,-244.435529,7.862430
598.215139,-244.435529,8.517632
598.215139,-244.435529,9.172835
598.215139,-244.435529,9.828037
598.215139,-244.435529,11.138442
598.215139,-244.435529,13.104050
598.215139,-244.435529,14.414455
598.215139,-244.435529,16.380062
598.215139,-244.435529,19.000872
598.215139,-243.404155,20.966480
597.117497,-243.404155,23.587290
597.117497,-243.404155,26.863302
596.019854,-243.404155,30.139315
596.019854,-242.372782,33.415327
594.922212,-242.372782,36.691340
593.824570,-242.372782,39.967352
592.726927,-241.341408,44.553770
592.726927,-241.341408,47.829782
591.629285,-240.310034,51.760997
590.531642,-240.310034,55.037010
589.434000,-239.278661,59.623427
588.336357,-239.278661,63.554642
587.238715,-238.247287,67.485857
586.141072,-237.215914,72.072275
585.043430,-237.215914,76.658692
580.652860,-235.153167,85.831527
579.555218,-234.121793,90.417945
578.457575,-233.090420,94.349160
575.164648,-232.059046,98.935577
574.067005,-231.027673,103.521995
571.871720,-229.996299,108.108412
569.676435,-228.964926,113.350032
567.481151,-227.933552,117.936450
565.285866,-226.902178,122.522867
563.090581,-224.839431,127.109285
560.895296,-223.808058,131.695702
557.602368,-222.776684,136.282120
555.407083,-220.713937,140.868537
552.114156,-219.682564,145.454955
549.918871,-217.619817,150.041372
546.625944,-216.588443,154.627790
543.333016,-214.525696,159.214207
540.040089,-213.494322,163.145422
537.844804,-211.431575,167.731840
534.551877,-210.400202,171.663055
531.258949,-208.337455,175.594270
527.966022,-206.274708,180.180687
524.673095,-205.243334,184.111902
521.380167,-203.180587,187.387915
518.087240,-201.117840,191.319130
514.794313,-200.086466,195.250345
511.501385,-198.023719,198.526357
508.208458,-195.960972,202.457572
504.915530,-193.898225,205.733585
501.622603,-192.866852,209.009597
498.329676,-190.804105,212.285610
495.036748,-188.741358,215.561622
490.646179,-186.678610,218.837635
486.255609,-184.615863,222.768850
479.669754,-180.490369,228.665672
476.376827,-179.458996,231.286482
473.083899,-177.396249,233.907292
469.790972,-175.333502,237.183305
466.498044,-173.270754,239.804115
462.107475,-171.208007,242.424925
457.716905,-169.145260,245.700937
454.423977,-167.082513,248.321747
450.033408,-165.019766,250.942557
446.740480,-162.957019,253.563367
442.349910,-160.894272,256.184177
437.959341,-158.831525,258.804987
434.666413,-156.768778,260.770595
430.275843,-154.706031,263.391405
426.982916,-152.643284,265.357012
422.592346,-150.580537,267.977822
418.201776,-148.517790,269.943430
414.908849,-145.423669,272.564240
410.518279,-143.360922,274.529847
406.127709,-141.298175,276.495455
401.737139,-139.235428,278.461062
397.346570,-137.172681,280.426670
394.053642,-134.078560,282.392277
388.565430,-132.015813,284.357885
384.174860,-129.953066,286.323492
380.881933,-127.890319,288.289100
376.491363,-124.796198,290.254707
371.003151,-122.733451,291.565112
367.710223,-120.670704,293.530720
363.319653,-117.576583,295.496327
358.929084,-115.513836,296.806732
353.440871,-113.451089,298.117137
350.147944,-111.388342,299.427542
345.757374,-108.294222,300.737947
341.366804,-106.231474,302.048352
336.976234,-104.168727,303.358757
333.683307,-102.105980,304.669162
329.292737,-100.043233,305.324365
324.902167,-97.980486,306.634770
321.609240,-95.917739,307.289972
317.218670,-93.854992,307.945175
313.925743,-91.792245,308.600377
310.632815,-90.760871,309.255580
308.437531,-88.698124,309.910782
306.242246,-87.666751,310.565985
305.144603,-86.635377,311.221187
304.046961,-85.604004,311.876390
302.949318,-85.604004,311.876390
301.851676,-85.604004,312.531592
301.851676,-85.604004,312.531592
301.851676,-85.604004,313.186795
301.851676,-85.604004,313.186795
301.851676,-85.604004,313.841997
302.949318,-85.604004,313.841997
302.949318,-85.604004,313.841997
304.046961,-86.635377,314.497200
305.144603,-86.635377,314.497200
305.144603,-86.635377,314.497200
306.242246,-87.666751,314.497200
307.339888,-87.666751,314.497200
308.437531,-88.698124,314.497200
309.535173,-89.729498,314.497200
310.632815,-89.729498,314.497200
310.632815,-90.760871,314.497200
311.730458,-90.760871,314.497200
313.925743,-91.792245,313.841997
315.023385,-91.792245,313.841997
316.121028,-92.823618,313.841997
317.218670,-93.854992,313.841997
318.316313,-93.854992,313.841997
319.413955,-94.886366,313.841997
320.511598,-94.886366,313.841997
322.706883,-95.917739,313.186795
322.706883,-96.949113,313.186795
324.902167,-97.980486,313.186795
325.999810,-97.980486,313.186795
328.195095,-99.011860,312.531592
328.195095,-100.043233,312.531592
330.390380,-101.074607,312.531592
332.585665,-102.105980,311.876390
334.780950,-103.137354,311.876390
335.878592,-104.168727,311.221187
338.073877,-104.168727,311.221187
340.269162,-105.200101,310.565985
341.366804,-106.231474,310.565985
343.562089,-108.294222,309.910782
345.757374,-109.325595,309.910782
347.952659,-110.356969,309.255580
350.147944,-111.388342,308.600377
352.343229,-112.419716,308.600377
354.538514,-113.451089,307.945175
358.929084,-116.545210,306.634770
362.222011,-117.576583,305.979567
364.417296,-118.607957,305.324365
366.612581,-120.670704,304.669162
369.905508,-121.702078,304.013960
372.100793,-122.733451,302.703555
375.393720,-124.796198,302.048352
378.686648,-126.858945,300.737947
381.979575,-127.890319,299.427542
385.272503,-129.953066,298.772340
388.565430,-132.015813,296.806732
391.858357,-134.078560,295.496327
395.151285,-135.109934,294.185922
399.541855,-137.172681,292.220315
402.834782,-139.235428,290.909910
407.225352,-141.298175,288.944302
410.518279,-143.360922,286.978695
414.908849,-146.455042,285.013087
418.201776,-148.517790,283.047480
428.080558,-152.643284,277.805860
431.373486,-154.706031,275.840252
436.861698,-157.800151,273.219442
441.252268,-159.862898,269.943430
445.642838,-161.925646,267.322620
448.935765,-163.988393,264.701810
454.423977,-167.082513,261.425797
458.814547,-169.145260,258.149785
463.205117,-171.208007,254.873772
467.595687,-174.302128,251.597760
473.083899,-176.364875,248.321747
477.474469,-178.427622,244.390532
481.865039,-181.521743,240.459317
486.255609,-183.584490,237.183305
490.646179,-186.678610,233.252090
495.036748,-188.741358,228.665672
499.427318,-190.804105,224.734457
503.817888,-193.898225,220.148040
508.208458,-195.960972,216.216825
513.696670,-198.023719,211.630407
516.989597,-200.086466,207.043990
526.868380,-205.243334,196.560750
531.258949,-207.306081,191.974332
534.551877,-209.368828,186.732712
538.942447,-212.462949,181.491092
543.333016,-214.525696,175.594270
546.625944,-216.588443,170.352650
551.016514,-218.651190,165.111030
554.309441,-220.713937,159.214207
557.602368,-221.745311,153.317385
561.992938,-223.808058,147.420562
564.188223,-225.870805,142.178942
568.578793,-227.933552,135.626917
570.774078,-228.964926,129.730095
574.067005,-231.027673,123.833272
577.359933,-232.059046,117.281247
580.652860,-234.121793,111.384425
582.848145,-235.153167,104.832400
585.043430,-237.215914,98.280375
587.238715,-238.247287,91.728350
589.434000,-239.278661,85.176325
592.726927,-240.310034,79.279502
593.824570,-241.341408,72.072275
596.019854,-242.372782,65.520250
598.215139,-243.404155,58.968225
598.215139,-244.435529,52.416200
600.410424,-245.466902,45.864175
601.508067,-245.466902,39.967352
602.605709,-246.498276,33.415327
603.703352,-246.498276,26.863302
604.800994,-247.529649,20.966480
604.800994,-247.529649,14.414455
604.800994,-247.529649,8.517632
605.898637,-247.529649,1.965607
605.898637,-248.561023,-3.276012
605.898637,-248.561023,-9.828037
605.898637,-248.561023,-15.724860
605.898637,-248.561023,-21.621682
605.898637,-247.529649,-27.518505
604.800994,-247.529649,-39.967352
604.800994,-247.529649,-45.208972
604.800994,-246.498276,-51.105795
603.703352,-246.498276,-57.002617
602.605709,-246.498276,-62.899440
600.410424,-245.466902,-74.037882
599.312782,-244.435529,-79.279502
598.215139,-244.435529,-83.865920
598.215139,-243.404155,-89.107540
596.019854,-242.372782,-95.004362
594.922212,-241.341408,-99.590780
592.726927,-241.341408,-104.832400
592.726927,-240.310034,-110.074020
590.531642,-239.278661,-114.660437
588.336357,-238.247287,-119.902057
586.141072,-237.215914,-124.488475
586.141072,-236.184540,-129.074892
583.945787,-235.153167,-133.661310
581.750502,-234.121793,-138.247727
580.652860,-233.090420,-142.178942
578.457575,-232.059046,-146.765360
576.262290,-231.027673,-150.696575
574.067005,-229.996299,-154.627790
572.969363,-228.964926,-158.559005
571.871720,-226.902178,-161.835017
569.676435,-225.870805,-165.766232
568.578793,-224.839431,-169.042245
566.383508,-223.808058,-172.973460
564.188223,-222.776684,-175.594270
563.090581,-221.745311,-178.870282
560.895296,-220.713937,-182.146295
559.797653,-220.713937,-184.767105
557.602368,-219.682564,-187.387915
556.504726,-218.651190,-190.008725
555.407083,-217.619817,-191.974332
554.309441,-216.588443,-194.595142
553.211799,-215.557070,-196.560750
551.016514,-214.525696,-198.526357
551.016514,-213.494322,-199.836762
549.918871,-212.462949,-201.147167
549.918871,-212.462949,-203.112775
548.821229,-211.431575,-204.423180
547.723586,-210.400202,-205.733585
546.625944,-210.400202,-206.388787
546.625944,-209.368828,-207.699192
545.528301,-209.368828,-208.354395
545.528301,-208.337455,-209.009597
544.430659,-208.337455,-209.664800
544.430659,-207.306081,-210.320002
544.430659,-207.306081,-210.975205
544.430659,-206.274708,-211.630407
544.430659,-206.274708,-211.630407
543.333016,-206.274708,-212.285610
543.333016,-205.243334,-212.940812
543.333016,-205.243334,-212.940812
543.333016,-205.243334,-212.940812
543.333016,-205.243334,-213.596015
542.235374,-205.243334,-213.596015
542.235374,-204.211961,-214.251217
542.235374,-204.211961,-214.251217
542.235374,-204.211961,-214.251217
541.137732,-204.211961,-214.906420
541.137732,-204.211961,-214.906420
541.137732,-204.211961,-215.561622
540.040089,-203.180587,-216.216825
540.040089,-203.180587,-216.216825
538.942447,-203.180587,-216.872027
538.942447,-203.180587,-217.527230
538.942447,-202.149214,-218.837635
537.844804,-202.149214,-219.492837
537.844804,-202.149214,-220.148040
536.747162,-201.117840,-221.458445
535.649519,-201.117840,-222.768850
534.551877,-200.086466,-224.079255
532.356592,-200.086466,-225.389660
531.258949,-199.055093,-228.665672
530.161307,-198.023719,-229.976077
527.966022,-196.992346,-231.941685
526.868380,-196.992346,-233.252090
525.770737,-195.960972,-235.217697
524.673095,-194.929599,-236.528102
523.575452,-194.929599,-237.838507
522.477810,-193.898225,-239.148912
521.380167,-193.898225,-240.459317
520.282525,-192.866852,-241.769722
519.184882,-191.835478,-243.080127
516.989597,-190.804105,-245.700937
515.891955,-189.772731,-246.356140
515.891955,-189.772731,-247.011342
514.794313,-188.741358,-247.666545
514.794313,-187.709984,-248.321747
514.794313,-186.678610,-248.976950
513.696670,-186.678610,-249.632152
513.696670,-185.647237,-250.287355
513.696670,-184.615863,-250.287355
513.696670,-184.615863,-250.287355
513.696670,-183.584490,-250.287355
513.696670,-182.553116,-250.287355
513.696670,-182.553116,-250.287355
514.794313,-181.521743,-250.287355
514.794313,-180.490369,-249.632152
514.794313,-179.458996,-248.976950
514.794313,-178.427622,-248.976950
515.891955,-178.427622,-248.321747
516.989597,-177.396249,-247.666545
518.087240,-176.364875,-247.011342
519.184882,-175.333502,-245.700937
520.282525,-174.302128,-245.045735
