443.000000,-89.000000,-432.000000
443.000000,-89.000000,-432.000000
443.000000,-89.000000,-432.000000
443.000000,-89.000000,-432.000000
443.000000,-89.000000,-432.000000
443.000000,-89.000000,-432.000000
443.000000,-89.000000,-432.000000
443.000000,-89.000000,-432.000000
443.000000,-89.000000,-432.000000
443.000000,-89.000000,-432.000000
443.000000,-89.000000,-432.000000
443.000000,-89.000000,-432.000000
443.000000,-89.000000,-432.000000
443.000000,-89.000000,-432.000000
443.000000,-89.000000,-432.000000
443.000000,-89.000000,-432.000000
443.000000,-89.000000,-432.000000
443.000000,-89.000000,-432.000000
443.000000,-89.000000,-432.000000
442.999999,-89.000004,-432.000001
443.000000,-89.000000,-432.000000
443.000001,-88.999997,-431.999999
443.000119,-88.999577,-431.999880
443.000000,-89.000001,-432.000000
442.995813,-89.014845,-432.004204
442.999432,-89.002015,-432.000571
442.992030,-89.028326,-432.008001
442.931589,-89.269227,-432.068681
446.759897,-91.097662,-427.634867
443.800533,-90.047777,-431.197944
445.007067,-90.003869,-429.993800
443.637896,-90.078185,-431.360432
443.001365,-88.995161,-431.998630
447.702436,-91.691038,-424.469448
446.970182,-90.892422,-426.412597
445.481951,-90.468443,-429.597239
452.297284,-95.257722,-417.522537
480.043291,-118.961152,-366.675611
446.012233,-91.007172,-428.982115
448.336097,-92.419745,-423.653472
468.488515,-107.637943,-390.140515
447.854517,-91.843423,-424.216601
465.094089,-105.066637,-395.803298
458.207989,-99.190207,-408.548542
451.578369,-94.596515,-418.724800
458.337783,-99.324221,-408.255134
484.054561,-123.059230,-357.823693
493.570667,-132.247327,-336.080735
472.693397,-111.733209,-381.658821
486.829568,-125.581003,-350.727845
506.446391,-146.252443,-303.767180
481.889044,-120.904523,-363.239219
487.313590,-125.909135,-350.068409
482.231329,-121.241399,-362.507129
497.311983,-135.725722,-327.848450
531.621353,-187.217773,-205.103864
512.635419,-154.821615,-283.802219
479.818197,-118.715078,-367.044442
469.572090,-109.486271,-387.891374
534.304421,-191.936278,-191.618482
533.293520,-189.977701,-197.140208
473.799859,-113.089195,-379.081050
508.979243,-150.969994,-294.066124
533.805243,-190.647478,-195.012932
527.322906,-178.365672,-227.946450
482.403685,-121.409801,-362.126232
503.088673,-143.187667,-312.130571
520.650522,-167.572935,-254.894902
525.720649,-176.233603,-233.932816
545.104510,-216.375102,-107.276945
514.411522,-157.550015,-277.960257
533.806273,-190.649071,-195.008133
522.032768,-169.360932,-250.545513
540.012066,-204.433490,-152.829828
534.089939,-191.218267,-193.418819
511.977626,-153.975867,-286.067672
484.504605,-123.575080,-356.206498
545.965406,-224.134834,-71.652679
535.382739,-194.475303,-184.173328
546.973384,-228.491784,-49.943127
543.450549,-213.009297,-122.299930
547.005904,-231.824127,-31.042238
545.999961,-237.008160,4.574204
545.447878,-219.909333,-90.771747
546.760664,-226.493862,-60.821757
546.871246,-234.198235,-20.230423
534.828784,-193.682370,-187.023615
538.838758,-200.215803,-164.806258
540.026715,-205.218918,-150.263474
545.364945,-219.770287,-91.267218
547.007432,-229.544392,-43.659794
546.971233,-228.304299,-51.048335
545.100689,-216.559274,-105.494728
517.376081,-161.926853,-268.325219
545.028011,-219.083551,-93.706684
546.891998,-234.170034,-20.341078
546.000156,-223.999134,-73.008694
539.309408,-200.814443,-163.222260
545.914893,-235.023513,-15.142576
545.927404,-224.269464,-70.406966
546.000000,-237.000000,10.000000
547.025470,-233.949292,-21.195301
546.000000,-237.000000,10.000014
545.999981,-237.004006,4.166363
544.894066,-217.665974,-98.848053
546.000000,-237.000000,10.000441
540.052762,-202.177012,-159.505528
546.000000,-237.000003,10.006462
545.903930,-234.964356,-13.783509
532.296465,-188.544565,-201.483267
546.000000,-237.000017,10.035371
545.999691,-237.064458,-1.539099
546.000000,-237.000000,10.000000
546.000000,-237.000000,10.000000
546.000000,-237.000000,10.000000
546.000000,-237.000000,10.000000
546.000000,-237.000000,9.999998
546.000000,-237.000000,10.000260
547.005311,-229.698952,-42.721448
546.000000,-237.000000,9.999901
546.000000,-237.000000,10.000000
546.000000,-237.000000,10.000000
546.000000,-237.000002,10.004125
546.000000,-237.000000,10.000000
545.999998,-237.000449,8.661624
546.000000,-237.000000,10.000000
546.000000,-237.000000,10.000000
546.000000,-237.000000,10.000000
546.000000,-237.000000,10.000022
546.000000,-237.000000,10.000000
546.000000,-237.000000,10.000000
546.000000,-237.000000,10.000000
546.000000,-237.000000,10.000000
546.000000,-237.000000,10.000000
546.000000,-237.000000,10.000000
546.000000,-237.000000,10.000026
546.000000,-237.000000,10.000002
546.000000,-237.000000,10.000000
546.000000,-237.000000,10.000000
545.995832,-235.961164,-5.725891
546.000000,-237.000000,10.000000
546.000000,-237.000000,10.000000
546.000000,-237.000000,10.000000
546.000000,-237.000000,10.000000
546.000000,-237.000000,10.000000
546.000000,-237.000000,10.000000
546.000000,-237.000000,10.000000
545.010340,-237.000002,11.823815
546.000000,-237.000000,10.000000
546.000000,-237.000000,10.000000
546.000000,-237.000000,10.000000
546.000000,-237.000000,10.000000
546.000000,-237.000000,10.000000
546.000000,-237.000000,10.000000
546.000000,-237.000000,10.000000
546.000000,-237.000000,10.000000
546.000000,-237.000000,10.000000
546.000000,-237.000000,10.000000
546.000000,-237.000000,10.000000
546.000000,-237.000000,10.000000
545.048384,-236.058308,31.741822
546.000000,-237.000000,10.000000
546.000000,-237.000000,10.000000
546.000393,-237.000000,10.000083
546.000000,-237.000000,10.000000
546.000000,-237.000000,10.000000
546.000000,-237.000000,10.000000
544.969468,-237.106440,27.769105
546.000000,-237.000000,9.999885
546.000000,-237.000000,10.000000
544.999931,-237.000416,16.535245
546.007583,-237.000000,10.001601
546.000000,-237.000000,10.000000
546.000000,-237.000000,10.000000
546.000000,-237.000000,10.000000
528.407560,-227.611293,133.596261
546.000000,-237.000000,10.000000
546.000000,-237.000000,10.000000
546.000508,-237.000000,10.000107
546.000000,-237.000000,10.000000
546.000000,-237.000000,10.000000
546.000000,-237.000000,10.000000
539.962419,-233.947446,73.459770
545.997935,-237.000000,9.999564
545.640788,-237.000000,9.935736
545.000820,-236.997137,22.126871
543.080440,-236.056609,45.425539
546.000000,-237.000000,10.000000
546.000000,-237.000000,10.000000
546.000000,-237.000000,10.000000
546.000000,-237.000000,10.000000
537.033590,-232.020007,90.772556
481.037506,-200.016702,274.915373
545.006260,-236.978141,29.112193
546.087389,-237.000000,10.018451
546.105215,-237.000000,10.022215
541.417077,-235.139119,58.708419
541.667576,-235.103220,57.458075
546.000000,-237.000000,10.000000
545.999879,-237.000000,9.999974
545.003878,-236.986472,22.555475
545.918082,-237.000000,9.982984
545.998469,-237.000000,9.999677
545.313905,-237.000000,9.915795
546.000002,-237.000000,10.000000
541.581375,-235.122953,57.873472
480.382589,-199.763242,276.359875
539.187919,-233.110249,78.116148
506.956109,-214.901645,211.697831
546.000000,-237.000000,10.000000
469.913035,-194.341295,296.300682
542.399149,-234.897537,54.410212
453.229163,-184.431014,325.374633
545.977624,-237.000000,9.995276
541.074393,-235.044480,60.581395
473.038600,-195.565157,289.822679
537.875033,-232.914334,84.806237
435.166085,-174.287992,351.547040
544.999695,-236.999854,14.635030
546.000000,-237.000000,10.000000
542.958510,-235.927338,46.504579
514.992265,-219.993854,187.026648
544.990652,-237.032589,25.625774
509.848421,-216.734492,203.680525
516.248589,-220.701939,182.613549
486.692812,-203.865439,262.554065
543.980737,-236.006926,37.898481
536.245937,-232.009699,95.588460
376.196412,-139.941765,417.540999
452.824657,-184.145991,326.094072
545.008075,-236.971845,23.901561
464.991336,-191.318832,304.970655
512.587589,-217.658904,195.628009
460.631973,-188.335977,312.990999
382.071949,-144.700619,411.070208
543.961448,-236.011565,37.305718
458.089943,-187.384154,317.173441
493.226669,-207.453449,246.318404
498.689498,-210.263867,234.465206
516.625341,-220.850608,181.292265
529.095346,-228.056834,130.634705
344.399476,-121.883784,442.196918
537.787955,-232.833287,85.396073
546.000000,-237.000000,10.000000
524.624361,-225.236862,149.275739
358.551625,-129.730775,431.321702
533.217070,-230.069751,116.108401
395.576376,-151.769976,398.424586
480.691117,-199.873331,275.688192
460.069473,-188.032583,313.888106
545.010406,-237.000002,11.822812
519.879631,-222.463657,169.359860
524.883138,-225.319070,148.678182
275.016520,-83.001089,478.037097
398.703757,-153.813663,395.299555
509.044171,-216.502951,205.439530
422.845331,-166.869307,368.127486
464.906235,-191.263380,305.144515
545.999999,-237.000000,10.000000
418.164957,-164.646945,373.416763
276.806546,-82.934058,476.023179
439.996858,-176.948640,344.567551
320.084598,-108.866119,456.240730
277.973898,-83.864504,479.978252
516.667270,-220.866928,181.146361
424.070857,-167.486744,366.941975
372.182840,-138.144438,420.305357
477.805506,-198.909364,281.335104
523.529196,-224.682613,153.274757
469.830256,-194.315597,296.461390
424.129675,-167.517799,366.884256
453.422611,-184.570973,325.027726
370.089171,-137.047826,421.930224
409.735589,-159.846555,383.310990
320.247998,-108.986326,456.118157
282.471663,-86.986237,480.006085
361.327332,-132.350256,428.684164
432.080921,-172.793120,355.445838
507.424503,-215.472818,209.878335
364.936178,-133.625375,445.348884
502.600949,-212.701418,223.204028
397.888562,-153.254370,396.117534
283.614817,-87.953691,480.095121
423.991422,-167.445055,367.019672
424.742791,-167.852459,366.268905
433.946845,-173.977722,353.064816
294.001118,-93.001567,477.999144
391.962499,-149.134261,422.011646
395.594053,-151.779255,398.406850
381.434743,-144.316105,411.584600
279.800268,-85.329772,473.576311
277.968840,-84.027189,480.014670
295.379561,-94.596165,468.291965
285.383771,-88.772001,471.200093
283.048913,-87.233195,479.984449
276.106728,-82.985558,475.959321
417.213526,-164.127364,374.701585
299.639770,-97.418232,477.125848
455.063280,-185.801113,322.189192
356.277918,-128.785379,432.694252
329.212875,-113.849284,467.249401
308.711347,-101.221370,474.733021
294.686669,-94.482473,478.006192
282.987908,-87.992746,472.004823
296.326655,-95.035310,478.049652
318.871714,-107.933781,471.026018
339.017094,-119.389095,444.506287
330.748973,-114.209682,466.692832
320.401370,-109.095058,456.003963
291.021599,-92.013938,479.005106
346.086754,-123.380924,458.139992
391.466077,-148.782729,422.558979
278.466951,-84.594309,480.006551
283.555277,-87.956939,480.101852
279.955527,-84.989067,479.999804
377.408433,-141.516806,435.454486
448.501403,-181.691121,332.136716
285.501202,-88.761771,479.240858
392.549716,-149.644132,421.386419
521.360468,-223.157344,163.811171
344.769768,-122.889825,459.186587
442.690670,-177.817243,362.398706
342.919756,-120.957036,443.037999
286.038970,-89.013129,478.984869
279.737648,-85.305006,473.606644
305.189032,-100.182647,475.891744
283.284908,-88.003489,480.098738
382.965416,-145.143639,410.443883
339.263870,-119.169286,461.851026
320.241258,-108.651197,470.994788
337.475368,-118.156095,463.604374
310.202091,-102.158913,473.952297
422.094859,-166.510445,368.864318
285.962085,-88.986053,479.015511
351.201561,-126.689198,435.961780
408.625085,-158.751260,404.443262
366.386671,-135.169814,424.724766
523.403665,-224.169054,187.733764
506.218552,-214.465071,238.880329
287.160594,-89.705181,470.597195
313.416970,-105.284536,472.937343
512.864376,-217.865412,221.622895
296.527638,-94.995107,478.095258
458.110476,-187.389996,317.138849
483.353342,-200.673554,294.404315
346.469907,-123.557018,440.512589
379.859761,-142.895146,413.449741
364.169390,-133.107377,445.878809
483.906811,-201.925984,268.210112
295.529941,-94.853718,477.988698
275.350425,-83.018717,476.589877
343.031851,-121.760925,460.469205
545.119926,-237.039344,-126.295818
353.845269,-127.892966,453.147919
379.054872,-141.998196,414.639829
278.218443,-84.302792,474.705715
440.548235,-176.794970,365.036981
341.418454,-120.589762,461.199977
546.300757,-237.216482,-119.035182
538.771814,-232.560536,125.134429
283.099568,-88.045711,480.053725
275.014149,-83.000991,477.126083
519.918357,-219.377104,-250.174519
519.666339,-221.770528,199.489753
511.410398,-216.599001,226.557864
516.231918,-220.223299,211.510326
332.312962,-115.338154,465.802424
551.377063,-239.925244,9.040886
329.480493,-113.900998,467.169009
305.327029,-100.349781,475.754483
279.006060,-85.003083,473.996257
344.614385,-122.040853,442.049379
519.624716,-221.743825,199.697381
433.119231,-173.519923,354.088726
522.438788,-222.643842,-238.808577
535.406893,-230.747529,-184.855151
413.743001,-161.858587,379.272195
407.938259,-158.279493,405.344152
550.881749,-240.128698,-66.334084
536.875246,-231.441504,-179.515901
514.035260,-219.024875,216.895366
330.511564,-114.129912,466.799384
336.652179,-117.906716,464.200106
497.033235,-202.068048,-318.889152
289.943892,-91.514276,469.741706
352.433580,-126.961942,454.669760
497.977117,-203.923876,-315.176379
550.996596,-238.996302,-78.056974
285.054480,-88.677309,471.304544
527.260250,-225.777613,175.350504
541.127824,-234.104040,108.889535
509.894739,-213.970139,-282.261586
540.484409,-233.338753,117.386415
540.901762,-233.998860,-155.878431
491.406821,-206.236942,276.184994
528.961434,-226.976647,170.141731
378.400061,-142.365622,434.644977
333.554313,-115.845935,449.258564
549.898978,-238.968865,41.872559
545.117904,-237.039347,-126.314858
464.896116,-190.730552,327.487510
452.087411,-183.458405,347.329825
450.693726,-182.873344,349.500031
474.000000,-169.000000,-374.000000
313.392836,-105.269744,472.938717
505.613540,-210.645595,-294.364712
367.227734,-135.126850,443.847585
434.692179,-172.786845,373.508099
531.603503,-227.838718,-205.162250
453.091553,-183.919174,345.867979
535.542981,-230.803845,-184.450188
545.102484,-236.157437,-134.822507
363.572992,-132.740690,446.311044
506.300428,-211.278457,-292.121379
504.966565,-209.955917,-297.159016
515.643780,-216.847863,-264.717627
474.000000,-169.000000,-374.000000
486.855265,-202.888024,285.344753
477.662095,-197.755426,303.957653
527.049063,-225.630764,175.943972
474.462768,-187.596001,-368.084831
305.422017,-100.478774,475.629802
510.555448,-216.116219,228.496122
501.372924,-206.272757,-306.114491
500.687398,-205.710332,-310.924375
547.652192,-238.424105,-107.454838
496.130247,-202.044624,-319.847052
491.458556,-196.996780,-330.500398
501.680338,-206.545806,-305.643166
548.385814,-238.773755,-101.271627
494.912493,-199.377841,-324.698230
474.000000,-169.000000,-374.000000
439.887988,-176.484425,365.854875
368.306414,-135.681625,443.104218
298.963584,-96.694015,476.898562
550.998296,-238.998133,-78.028641
278.354597,-84.478141,474.539300
551.018234,-239.022186,-77.676640
533.012835,-230.010268,149.939370
480.572609,-199.297704,299.051697
535.873947,-230.944100,-183.420163
540.041096,-233.386643,-165.594340
550.973988,-240.048414,-68.484602
529.487658,-226.466724,-214.175790
473.347621,-169.643290,-374.392132
495.025958,-198.915121,-325.073416
551.359124,-239.891497,-54.208361
518.142173,-218.128242,-257.337133
549.333355,-239.082707,-92.999039
468.634580,-180.971256,-380.360721
526.229355,-224.626629,-226.395582
332.848700,-115.971826,465.482817
502.330148,-208.226385,-302.353998
474.000000,-169.000000,-374.000000
546.294385,-237.209337,-119.083425
552.061772,-240.098227,-40.241721
469.097689,-175.491550,-381.633010
493.510399,-198.000036,-327.526230
320.324880,-108.693182,471.000519
549.857902,-239.043661,-88.163714
516.783568,-220.476133,210.209762
516.758845,-217.323853,-262.151072
548.336266,-238.346754,57.428846
468.358198,-176.729335,-382.058110
484.228894,-193.396821,-347.473788
474.000000,-169.000000,-374.000000
514.003408,-219.002423,216.989816
474.000000,-169.000000,-374.000000
496.087505,-199.931338,-322.969302
492.889005,-197.972512,-328.000938
469.131623,-181.315932,-379.592568
353.362868,-127.567836,453.644987
494.017790,-198.015247,-326.959579
480.717540,-190.959913,-354.459106
479.541885,-190.646034,-357.418885
471.502696,-171.464287,-377.585234
474.000000,-169.000000,-374.000000
482.986926,-191.991318,-351.016937
551.104443,-240.109607,28.647087
470.335992,-184.442748,-375.750882
470.898680,-184.931321,-375.148868
497.976520,-203.918616,-315.187433
539.566050,-232.649414,-170.258694
551.976807,-241.088322,-6.801165
469.063956,-175.297093,-381.406503
459.216726,-188.147632,335.628406
542.551226,-234.819928,101.740565
497.992263,-203.984661,-315.039149
469.121701,-183.169126,-377.861399
469.103068,-175.576703,-381.718261
474.000000,-169.000000,-374.000000
474.000000,-169.000000,-374.000000
495.109571,-198.965734,-325.697310
469.028046,-175.143755,-381.202893
494.113864,-207.550080,270.226289
474.000000,-169.000000,-374.000000
468.937210,-173.103024,-380.035673
474.000000,-169.000000,-374.000000
475.108568,-188.021480,-366.781060
474.000000,-169.000000,-374.000000
469.025642,-181.017330,-379.961448
477.549568,-189.024228,-361.874058
474.000000,-169.000000,-374.000000
500.872095,-205.881189,-310.527140
474.000000,-169.000000,-374.000000
480.197176,-191.025753,-355.468636
546.141399,-237.070003,-120.149826
545.028668,-237.024915,-127.374138
470.088656,-184.143400,-375.902971
467.918566,-180.500786,-381.696325
474.000000,-169.000000,-374.000000
474.000000,-169.000000,-374.000000
504.110704,-209.064657,-299.813929
479.942406,-190.974245,-356.170411
474.000000,-169.000000,-374.000000
447.569635,-181.366133,355.010504
498.020092,-203.525351,-315.914502
496.016407,-199.947871,-323.023704
474.000000,-169.000000,-374.000000
474.000000,-169.000000,-374.000000
495.014398,-198.965898,-325.045675
489.345083,-195.209774,-337.412450
492.043234,-196.956233,-329.954668
470.064182,-184.037143,-376.756961
474.000000,-169.000000,-374.000000
468.941796,-182.894889,-378.093265
493.007867,-198.006894,-328.985070
468.926191,-173.159686,-380.035372
474.000000,-169.000000,-374.000000
