443.000000,-89.000000,-432.000000
443.000000,-89.000000,-432.000000
443.000000,-89.000000,-432.000000
443.000000,-89.000000,-432.000000
443.000000,-89.000000,-432.000000
443.000000,-89.000000,-432.000000
443.000000,-89.000000,-432.000000
443.000000,-89.000000,-432.000000
443.000000,-89.000000,-432.000000
443.000000,-89.000000,-432.000000
443.000000,-89.000000,-432.000000
443.000000,-89.000000,-432.000000
443.000000,-89.000000,-432.000000
443.000000,-89.000000,-432.000000
443.000000,-89.000000,-432.000000
443.000000,-89.000000,-432.000000
443.000000,-89.000000,-432.000000
443.000000,-89.000000,-432.000000
443.000001,-88.999997,-431.999999
443.000000,-88.999999,-432.000000
442.999998,-89.000008,-432.000002
443.000000,-89.000001,-432.000000
443.000009,-88.999970,-431.999991
443.000155,-88.999450,-431.999844
442.999435,-89.002002,-432.000567
442.999997,-89.000011,-432.000003
443.000738,-88.997382,-431.999259
442.998536,-89.005189,-432.001469
442.924774,-89.302139,-432.075522
445.409075,-90.377905,-429.660205
447.971329,-91.967890,-424.040166
443.017460,-88.938102,-431.982472
450.460910,-93.734141,-420.898695
446.980777,-90.890508,-426.462676
451.332431,-94.305685,-419.237068
452.123026,-95.108249,-417.800550
446.094954,-91.048590,-428.857088
447.012842,-91.016379,-425.954468
451.072219,-94.042667,-419.862687
460.046118,-101.036280,-404.931647
473.554845,-112.690731,-379.702724
478.521398,-117.417729,-369.124183
471.102573,-110.780174,-384.829122
448.602820,-92.706116,-423.435800
485.076500,-124.214512,-354.146266
474.809813,-114.773093,-376.456648
472.676804,-111.720358,-381.693663
458.893180,-99.938421,-407.014060
490.648158,-128.868164,-344.102162
465.105026,-105.074165,-395.780912
484.690295,-123.793139,-355.494924
484.905827,-124.035799,-354.708348
491.200541,-129.900445,-341.660527
476.743682,-116.228344,-372.311402
521.956093,-169.250464,-250.856893
475.226839,-115.226322,-375.476002
483.171697,-122.158828,-360.309800
496.522678,-134.526130,-330.731954
477.539921,-116.690981,-370.814863
496.800684,-134.879840,-329.872964
534.382198,-192.249015,-190.848052
507.384079,-147.686116,-300.550906
498.807974,-138.227216,-322.489556
524.225928,-173.491832,-240.369913
507.859571,-148.736340,-298.498455
524.713918,-174.460541,-238.236681
515.444294,-158.843007,-275.564449
522.971402,-170.944871,-246.139291
540.293794,-205.972011,-147.533925
527.251333,-178.285675,-228.175430
539.001203,-200.419834,-164.268428
539.326208,-200.836687,-163.162993
535.228162,-194.307659,-184.864135
535.007246,-194.011430,-185.960661
547.009108,-227.023582,-58.904702
520.918907,-167.900268,-254.215713
535.520598,-194.608451,-183.587345
535.682511,-194.751850,-182.921314
540.578127,-206.426442,-145.672672
534.004160,-191.009108,-193.975139
540.941718,-206.919996,-143.396523
546.007659,-223.719786,-75.608247
497.359997,-135.816561,-327.636179
544.873673,-218.099818,-97.183714
546.515024,-226.036929,-62.321106
543.473897,-213.054160,-122.107157
547.001342,-229.920110,-41.438653
547.037595,-227.856909,-54.043779
546.996209,-230.572550,-38.160665
546.996139,-230.528897,-38.370208
545.994640,-235.971789,-5.937242
545.610562,-220.179157,-89.815145
545.899309,-234.971953,-13.921892
546.000000,-237.000000,10.000000
543.920173,-213.857765,-118.583932
546.716045,-234.386319,-19.473509
546.000271,-236.011277,-4.938683
546.994055,-232.112809,-29.360055
545.999963,-237.007733,4.477325
547.004130,-231.236731,-34.645061
546.001091,-236.065261,-4.711581
546.001677,-236.581015,-3.380323
546.000011,-236.997771,6.876404
546.000000,-237.000000,10.000350
545.999998,-237.000318,8.755547
545.999998,-237.000372,8.180599
546.000000,-236.999999,9.998396
546.000000,-237.000000,10.000000
546.000000,-237.000000,10.000000
546.000000,-237.000000,9.999895
546.000000,-237.000000,10.000028
546.000000,-237.000000,10.000000
545.999971,-237.006046,4.294599
546.000000,-237.000000,10.000032
546.000000,-237.000000,10.000000
546.000000,-237.000000,10.000000
546.000000,-237.000000,10.000000
546.000292,-236.012260,-4.933694
546.000000,-237.000000,10.000000
545.926943,-235.024088,-15.316919
545.999822,-237.037065,1.427223
546.000000,-237.000000,10.000000
546.000000,-237.000000,10.000000
546.000000,-237.000000,10.000000
546.000000,-237.000000,10.000000
546.000000,-237.000000,10.000000
546.000000,-237.000017,10.035389
546.000000,-237.000000,10.000000
546.000000,-237.000000,10.000000
546.000000,-237.000000,10.000000
546.000000,-237.000000,10.000000
546.000000,-237.000000,10.000000
546.000000,-237.000000,10.000000
546.000000,-237.000000,10.000000
546.000000,-237.000000,10.000000
546.000000,-237.000000,10.000000
546.000000,-237.000000,10.000000
546.000000,-237.000000,10.000000
546.000000,-237.000000,10.000000
546.000000,-237.000000,10.000000
546.000000,-237.000000,10.000000
546.000000,-237.000000,10.000000
546.000000,-237.000000,10.000000
546.000000,-237.000000,10.000000
546.000000,-237.000000,10.000000
546.000000,-237.000000,10.000000
546.000000,-237.000000,10.000000
546.000000,-237.000000,10.000000
546.000000,-237.000000,10.000000
546.000000,-237.000000,10.000000
546.000000,-237.000000,10.000000
546.000000,-237.000000,10.000000
546.000000,-237.000000,10.000000
545.999926,-237.000000,9.999984
546.000000,-237.000000,10.000000
546.000000,-237.000000,10.000000
546.000000,-237.000000,10.000000
546.000000,-237.000000,10.000000
546.028775,-235.326783,-10.562108
546.000000,-237.000000,10.000000
546.000000,-237.000000,10.000000
546.000000,-237.000000,10.000000
546.000000,-237.000000,10.000000
546.000000,-237.000000,10.000000
527.989357,-226.946765,138.344782
546.000000,-237.000000,10.000000
546.000000,-237.000000,10.000000
546.000000,-237.000000,10.000000
546.000000,-237.000000,10.000000
546.000000,-237.000000,10.000000
546.000000,-237.000000,10.000000
544.997217,-236.999992,12.808739
546.000000,-237.000000,10.000000
543.940545,-236.014267,41.479657
546.000000,-237.000000,10.000000
545.999350,-237.000000,9.999863
522.279221,-223.567586,160.915757
546.000000,-237.000000,10.000000
545.112681,-236.276930,31.074960
546.000000,-237.000000,10.000000
546.000000,-237.000000,10.000000
544.999121,-237.003070,21.837995
544.892435,-236.999999,10.316488
546.000183,-237.000000,10.000039
546.000000,-237.000000,10.000000
544.949672,-236.999999,10.724271
546.000000,-237.000000,10.000000
545.999851,-237.000000,9.999969
546.000000,-237.000000,10.000000
546.000000,-237.000000,10.000000
544.999176,-237.002878,21.849375
532.679863,-229.877296,118.215297
546.002569,-237.000000,10.000542
516.585578,-220.835150,181.430884
507.591919,-215.651516,209.282083
545.998310,-237.000000,9.999643
543.059705,-236.046329,45.553408
546.000000,-237.000000,10.000000
546.000000,-237.000000,10.000000
536.134915,-232.017342,96.223827
539.670860,-233.577694,75.590675
543.959204,-236.012034,37.170898
544.997944,-237.007204,21.033589
544.992384,-236.999991,12.427144
545.001659,-237.000016,13.206690
546.000000,-237.000000,10.000000
542.809354,-234.877243,52.524568
537.737215,-232.780079,85.748011
426.200299,-168.755015,364.609791
544.999839,-236.999887,14.777984
545.007049,-236.975422,24.196395
546.000375,-237.000000,10.000079
522.237288,-223.547398,161.053551
513.936677,-218.970287,190.627701
545.000403,-236.998456,18.125538
545.991360,-237.000000,9.998176
538.840327,-232.956219,79.733486
537.229685,-232.186172,89.400462
538.748121,-232.951417,80.154470
525.336635,-225.455292,147.696133
536.878950,-231.951249,91.797596
512.539440,-217.624736,195.820232
545.999910,-237.000000,9.999981
544.999977,-237.000114,16.897908
544.978511,-237.000000,10.873541
534.014849,-230.005240,109.828994
523.933570,-224.967637,151.234290
446.810750,-180.918796,334.250393
517.962473,-221.450674,176.753480
534.479158,-230.404610,106.226892
473.259319,-195.708812,289.368228
528.684098,-227.803183,132.290143
496.661618,-209.125662,239.207556
510.287732,-216.837984,202.708596
498.741234,-210.279551,234.352269
542.957995,-235.598009,48.105103
512.720898,-217.759832,195.095732
521.677629,-223.294490,162.816126
442.608397,-178.745066,340.603526
427.482472,-169.643003,362.817265
516.018562,-220.604337,183.426006
382.719415,-145.029520,410.610489
538.926338,-232.973847,79.339663
541.603670,-235.118440,57.764480
535.841445,-231.928534,97.926613
315.247353,-105.159129,458.881276
357.490771,-129.234663,431.994647
491.743345,-206.814055,249.752101
487.058886,-204.023215,261.895026
545.000555,-236.997948,18.737955
534.312898,-230.237380,107.351882
382.177408,-144.757652,410.992219
505.583351,-213.807816,216.078560
453.140075,-184.367321,325.534050
415.759648,-163.163106,376.778967
334.918271,-116.932955,448.081757
295.507692,-94.683161,468.235802
419.450448,-165.278889,371.788371
388.920665,-147.950814,405.084934
463.838129,-190.569862,307.345589
468.949429,-193.976258,298.088823
487.449809,-204.159177,261.204520
374.450188,-139.192070,418.701401
283.118876,-88.043129,480.060775
344.882169,-122.243643,441.856383
368.068736,-135.980008,423.486699
283.286315,-88.003139,480.098920
423.862752,-167.378114,367.144994
280.815229,-85.856146,473.092382
288.411677,-90.620259,470.177119
472.052748,-195.023495,291.888572
321.350744,-109.125213,470.918838
276.332158,-82.947788,475.940359
280.443423,-85.624208,473.271353
466.651767,-192.473239,301.856087
357.654351,-129.302526,431.896161
466.049969,-192.035438,302.908536
367.475447,-135.682477,423.930537
282.192223,-87.315306,472.364679
319.269720,-108.220725,456.826505
352.892086,-127.540839,434.710438
281.949649,-87.040539,472.490426
277.685574,-84.122874,480.091239
432.537552,-173.123841,354.836121
293.886063,-92.874878,478.078227
325.032467,-111.595860,468.908203
299.848871,-97.513440,477.137146
280.095318,-85.037666,480.000360
290.772651,-91.780845,478.972968
335.303549,-117.250593,447.679715
419.519057,-165.311361,371.704952
435.923495,-174.501698,350.527219
363.138686,-133.743286,427.044514
275.226458,-83.013711,476.737313
293.739626,-93.446358,468.824277
311.017639,-103.020318,473.993635
330.931905,-114.282286,466.604905
274.956550,-82.996972,476.953840
293.609733,-93.362754,468.856128
293.648479,-92.691876,478.220381
290.347351,-91.713099,469.637697
274.943725,-82.996084,477.043271
287.241967,-89.764486,470.568627
499.506389,-210.477914,232.681154
315.980862,-105.659452,458.535083
365.446607,-133.988181,445.011804
274.995987,-82.999720,476.985925
299.708349,-97.450201,477.130670
299.254188,-96.656869,466.292605
276.024732,-82.899541,478.869135
286.215704,-89.055481,478.928295
296.529786,-94.994543,478.095538
390.142926,-148.775854,403.819272
400.107302,-154.096469,414.480993
322.971690,-110.425479,454.553281
424.114525,-167.509784,366.899140
333.162772,-116.315494,465.321643
283.014722,-87.605761,479.971352
290.670604,-91.661928,478.970578
314.071065,-104.451712,459.458981
280.747871,-85.809092,473.125353
432.502170,-173.098660,354.882571
280.059398,-85.021282,480.000234
310.165933,-102.129406,473.956078
358.107491,-130.418991,450.326962
274.945013,-82.996169,476.962148
307.119324,-100.972176,475.027760
309.768121,-101.830185,474.112528
309.593098,-102.356006,461.651986
295.241750,-94.740911,477.992606
336.669042,-117.911028,464.191662
294.198686,-94.183918,478.011478
275.585924,-83.027705,479.128292
438.219874,-175.483134,368.067282
431.796316,-171.296474,378.000535
280.961554,-85.968088,473.019495
552.002527,-240.990424,-15.450211
400.110596,-154.098095,414.476532
292.000559,-92.000101,478.999808
403.234950,-155.584331,410.699820
299.021578,-96.545315,476.871690
332.695314,-115.792127,465.569478
352.482948,-126.993935,454.615655
469.512777,-193.015671,319.295923
474.733342,-196.151078,309.069367
336.494275,-117.866880,464.274362
355.650215,-129.177784,451.770230
300.510843,-97.235280,465.840669
343.031503,-121.760669,460.469421
298.601754,-96.353224,466.597035
362.983167,-132.403924,446.749406
277.025775,-83.013031,475.991106
296.511441,-94.999410,478.092881
351.299125,-126.209384,455.778899
351.224865,-126.158000,455.837465
286.761326,-88.995684,478.935190
367.014936,-135.008478,443.990050
366.147838,-134.474241,444.558258
316.390500,-106.681820,472.401045
291.591592,-91.980502,479.101241
310.115288,-102.088988,473.965064
330.128383,-113.462074,451.517006
492.223518,-206.666126,274.489942
540.593223,-233.468400,115.938295
392.811612,-149.857732,421.154074
339.449560,-119.288394,461.766957
402.345269,-155.162411,411.611922
515.533710,-216.800107,-264.924403
453.453451,-184.100006,345.343349
522.548720,-223.767129,190.332512
275.944510,-83.012618,479.031342
354.599402,-128.426671,452.488784
484.431597,-201.240009,291.890073
388.507794,-147.312349,425.352604
518.270971,-221.111228,206.117522
539.960497,-233.979315,-160.416702
450.892542,-182.955574,349.173800
447.917605,-181.570770,354.393739
493.992467,-197.923347,-327.113083
511.637279,-216.743687,225.993179
521.197442,-220.221035,-246.322405
508.730626,-215.277074,232.360876
448.437236,-181.853288,353.462606
370.155582,-136.573830,441.718163
538.616992,-232.513661,125.548102
501.994886,-207.323845,-304.490484
301.918883,-98.450905,476.534034
441.505166,-177.222981,363.870931
298.809542,-95.819435,477.123301
321.465305,-109.164307,470.875720
399.159244,-153.616840,415.710615
552.007047,-240.973325,-16.378877
526.114817,-225.057867,178.648503
452.649627,-183.709924,346.507482
500.983633,-206.004050,-308.731061
316.984218,-106.991890,472.010629
375.077144,-139.782156,437.146363
282.014923,-87.116518,472.455995
536.027552,-231.556234,134.044920
540.041861,-233.020901,120.787507
525.519392,-224.264483,-228.521566
490.891926,-197.099240,-331.577626
551.276869,-239.907685,-55.682388
521.514067,-223.108903,193.233525
533.988597,-229.500895,-193.476637
518.719769,-218.800987,-254.154192
549.223996,-239.060985,-94.000284
498.928257,-203.987206,-314.080764
551.051977,-239.989866,12.311548
533.922644,-229.775926,-191.549492
538.092669,-232.038448,-174.698284
530.577447,-227.363753,-208.564903
411.910090,-160.795388,401.083149
373.531686,-138.656575,438.418068
485.665645,-202.021619,288.452943
376.012228,-140.464043,436.461088
552.002977,-240.988853,-23.490671
495.017174,-198.942584,-325.048094
495.882539,-201.629265,-320.401249
533.998619,-229.473228,-193.671375
545.122516,-236.217231,-134.400413
551.030818,-240.036723,31.407116
551.103973,-240.095418,26.600507
498.437537,-210.238453,259.073834
309.061478,-101.390611,474.539852
545.008481,-236.372131,86.047400
470.038801,-183.994901,-376.380690
490.018149,-196.126957,-335.613656
500.950725,-211.446210,254.220502
498.049197,-204.045426,-314.853857
490.891467,-197.099308,-331.575718
468.877574,-182.433522,-378.563787
495.931518,-201.245045,-320.719872
549.912119,-239.027126,-87.708205
542.333815,-234.729443,102.616555
522.098299,-223.497864,191.606780
490.541920,-195.867011,-334.569173
521.699832,-221.182874,-244.066198
474.105864,-187.148054,-368.794360
547.851368,-237.939983,62.864690
497.038897,-202.099706,-318.848470
506.337925,-211.313914,-292.018761
470.395877,-184.505128,-375.705513
494.998893,-199.000550,-324.995699
550.874507,-240.123618,-65.860394
470.078720,-172.969011,-378.916393
496.017333,-199.945532,-323.024589
550.499057,-239.396319,37.099270
482.574393,-191.732833,-351.584357
543.963055,-235.385569,96.236528
548.879380,-238.961032,-97.052532
490.925646,-195.945320,-334.145894
483.848079,-192.761840,-349.673706
467.999921,-178.984746,-382.001263
499.556466,-204.433377,-312.947501
511.410873,-214.137287,-276.935117
483.269883,-192.189547,-350.666763
474.496682,-187.632823,-368.016638
518.791147,-218.861467,-253.829743
474.000000,-169.000000,-374.000000
479.730901,-190.826171,-356.824128
507.437919,-212.525366,-287.889397
520.274187,-219.528603,-249.164414
494.309342,-199.108186,-325.967542
485.447955,-194.022206,-343.231363
533.314348,-230.227415,148.516502
467.999957,-179.010836,-381.998695
473.902194,-186.861003,-369.186919
505.933152,-210.938956,-293.216500
540.054281,-233.146314,-167.097997
474.000000,-169.000000,-374.000000
492.673228,-197.698348,-329.430482
474.000000,-169.000000,-374.000000
492.867885,-197.976188,-328.033367
497.025156,-202.328175,-318.617779
499.831208,-204.789341,-312.327002
484.105541,-193.187028,-348.333230
551.984061,-241.060582,-12.491260
500.245142,-205.273333,-311.607902
468.015891,-177.629956,-382.001594
479.831248,-190.905265,-356.510300
550.959510,-240.022383,-61.932826
489.037550,-195.014765,-337.936124
492.058221,-197.072515,-329.959464
526.398554,-224.711062,-225.874992
494.009458,-197.893864,-327.134693
519.579252,-219.247884,-251.153495
467.904878,-176.999179,-381.982192
474.000000,-169.000000,-374.000000
495.015539,-198.962738,-325.049119
478.143104,-189.061940,-360.741712
495.054021,-198.979347,-325.226615
495.982024,-200.100278,-322.941222
496.021943,-201.037955,-321.730908
522.956643,-222.976809,-236.175957
474.000000,-169.000000,-374.000000
492.996623,-197.998423,-327.997345
475.534234,-187.967289,-365.927127
536.377582,-231.180347,-181.606518
474.000000,-169.000000,-374.000000
474.000000,-169.000000,-374.000000
498.051703,-203.326352,-316.274426
495.940449,-200.028758,-323.034411
474.000000,-169.000000,-374.000000
474.000000,-169.000000,-374.000000
474.000000,-169.000000,-374.000000
474.000000,-169.000000,-374.000000
501.006057,-206.006050,-309.946992
550.607827,-238.878518,-82.289310
474.000000,-169.000000,-374.000000
490.482125,-195.869339,-334.616001
468.023997,-177.447097,-382.003084
474.000000,-169.000000,-374.000000
467.993846,-178.510967,-382.003332
493.994395,-197.989968,-327.019883
474.000000,-169.000000,-374.000000
474.000000,-169.000000,-374.000000
474.000000,-169.000000,-374.000000
468.952112,-173.602559,-379.976751
474.000000,-169.000000,-374.000000
471.223998,-171.745330,-377.818931
527.800749,-225.363236,-221.446735
468.982114,-173.826348,-379.971411
474.000000,-169.000000,-374.000000
506.664382,-211.633734,-291.124374
468.245181,-181.023964,-380.696167
509.049502,-213.610817,-283.915730
490.952543,-197.062914,-331.808241
495.882599,-201.666520,-320.369860
