451.998354,-72.988682,-425.978836
451.977168,-73.004557,-426.016387
452.033356,-72.980063,-426.008943
452.009517,-72.974244,-425.994571
452.076760,-72.996160,-426.012041
451.972184,-72.982257,-425.966934
451.985310,-72.977100,-425.995937
452.069320,-73.014468,-425.979698
452.037138,-72.992518,-425.945319
451.961008,-73.036759,-426.011048
451.989051,-72.995446,-426.026365
451.968077,-73.039487,-426.011143
452.017537,-73.004614,-426.020826
452.014562,-72.948165,-425.978715
451.991939,-72.990895,-425.991003
452.028567,-72.988267,-425.962628
452.005568,-73.048803,-425.984556
451.974390,-72.995723,-425.906922
452.018307,-72.984671,-426.034922
452.012585,-73.045998,-425.990643
452.072175,-73.030191,-425.966717
453.019339,-72.984174,-426.039210
452.962042,-72.991470,-425.007607
452.984082,-73.010944,-425.000523
453.962828,-72.973421,-423.968304
454.035280,-73.057975,-423.961639
455.047569,-72.989688,-423.004019
455.018178,-73.029324,-421.974836
457.022708,-73.968944,-420.044167
457.933734,-74.014807,-419.003775
458.000901,-74.011521,-417.019824
459.046186,-75.022518,-416.001487
459.950157,-75.032265,-413.992548
461.952195,-74.986120,-412.018648
463.049010,-75.973011,-410.014930
464.019619,-76.001645,-407.982600
465.033087,-76.020119,-406.048847
467.053007,-76.984643,-404.006604
469.003846,-77.023052,-401.050519
469.986025,-78.009829,-399.030596
472.031106,-77.985241,-395.999665
473.997203,-79.017478,-392.999029
474.975812,-78.971991,-389.994206
477.001272,-79.979665,-386.031232
478.928423,-81.009382,-382.976336
480.983815,-80.988296,-379.001376
482.958533,-82.029812,-375.971687
484.962351,-81.996472,-372.019619
487.048691,-82.957114,-368.026490
490.049015,-84.019912,-363.978041
491.004717,-83.990224,-359.959307
494.016400,-85.042135,-355.952673
496.033877,-86.025509,-351.022310
498.023755,-86.053076,-347.069165
501.043750,-86.974890,-341.957088
502.018177,-87.989815,-336.984800
507.000551,-89.043660,-327.917427
508.966201,-90.003463,-323.072707
511.957780,-90.996189,-317.969969
513.981429,-90.962896,-312.023617
515.957300,-92.026112,-306.978398
517.922903,-93.013430,-302.031354
521.010865,-93.017539,-295.905847
522.980843,-94.009479,-289.990243
524.985941,-95.035589,-284.996337
527.002184,-94.997444,-279.014651
528.958581,-95.973458,-272.997917
531.001704,-96.997575,-266.969065
533.999782,-97.049623,-261.023596
535.000586,-97.994581,-255.044691
537.994105,-98.909491,-248.962132
539.941465,-99.048702,-243.023392
541.015223,-99.956723,-236.994525
543.953073,-99.992145,-231.019757
544.981816,-101.030969,-223.964250
546.955452,-101.005601,-217.985858
548.999898,-102.017104,-211.969211
551.030799,-101.991975,-205.982660
554.021777,-104.030809,-191.986554
556.010342,-103.996163,-185.975019
557.007059,-103.969207,-178.967923
558.983736,-105.011961,-170.991766
559.938267,-105.012127,-164.959241
562.017771,-105.963648,-158.968261
561.974142,-106.027364,-151.956216
565.038356,-106.981239,-138.043292
566.947596,-107.043665,-131.058481
566.982285,-108.028361,-124.016450
568.004300,-108.005207,-118.041181
569.035853,-108.049232,-110.991453
569.996611,-108.993657,-104.063086
570.978261,-108.998208,-96.993193
571.935481,-108.991297,-87.947662
572.965000,-109.035630,-82.019626
573.985866,-110.002710,-69.002117
573.982470,-109.982177,-61.007237
575.075617,-110.012185,-55.047039
575.028600,-110.013853,-48.070082
575.976864,-110.054146,-40.967505
577.028507,-109.950851,-27.072639
577.065301,-110.032368,-19.987371
576.997645,-111.024717,-13.976664
577.029089,-110.980925,-5.006914
576.975681,-110.985015,-0.051982
576.990350,-111.012209,14.048853
577.044631,-109.995121,21.036597
576.989316,-110.001874,27.968417
575.997801,-109.988126,35.031813
575.965769,-110.015317,42.967401
574.969839,-110.004596,49.996432
574.966469,-110.005053,57.012048
573.952642,-109.988171,64.971320
573.001717,-110.018195,72.015246
573.005832,-108.990159,80.034526
573.038428,-109.036593,86.994232
571.984486,-108.999293,93.998212
571.020790,-109.003368,101.972176
569.024399,-108.027695,108.996837
567.984149,-108.029033,116.996268
566.992885,-108.010220,124.055402
565.984323,-106.966438,132.010195
565.005907,-106.986716,138.999478
563.036612,-105.952912,146.984658
561.988037,-106.006603,153.987529
561.064116,-105.995049,162.052456
559.040792,-105.029121,168.971599
556.989202,-104.961953,177.012916
555.981325,-103.982711,184.033970
553.979604,-104.033795,191.034230
552.029564,-102.961530,198.962543
550.974439,-102.040691,205.981725
548.991033,-102.013572,212.962141
546.018029,-100.987776,220.015200
545.012510,-100.959073,227.017708
541.989772,-100.016096,234.007627
540.015940,-99.023515,240.967123
537.932250,-98.999351,248.023088
535.006453,-97.931038,254.988957
534.018819,-97.010445,261.927887
531.038792,-96.051286,268.966192
528.999686,-96.002431,276.044397
525.998811,-95.035478,283.034443
523.042133,-93.982733,289.013542
521.047857,-92.951445,296.063259
517.958741,-91.995307,302.985455
514.996814,-92.002286,309.987090
512.970011,-91.009795,315.988250
509.020956,-90.019640,322.959768
506.963750,-88.988062,328.987537
501.005308,-86.989501,341.969768
497.982235,-85.982530,348.055840
495.006918,-85.000745,353.013797
491.960660,-83.965644,359.077139
489.003292,-83.996230,365.064591
486.026574,-82.993384,370.055719
483.010296,-82.004578,376.039514
479.971966,-80.991058,380.976890
477.014604,-80.021020,385.972651
474.019429,-78.981863,392.002857
471.018952,-77.998329,396.992848
467.983011,-76.996192,401.955055
464.953182,-75.989545,406.993901
461.953907,-74.984749,412.016221
459.019780,-74.014584,416.973610
455.970705,-73.001051,421.011582
451.956788,-71.989007,426.042563
448.975369,-70.960384,431.019748
446.981129,-69.999865,435.001360
442.955228,-69.017343,440.068415
439.990832,-68.987515,443.954127
437.013343,-67.965957,448.001923
434.000678,-66.985047,452.991488
430.994969,-66.017812,456.996200
427.024443,-65.007754,461.038350
424.964002,-64.005739,465.007918
421.086034,-62.962240,468.967435
417.981766,-62.012066,473.064000
413.963725,-61.005454,478.031803
411.004804,-59.986025,480.953422
408.028346,-58.983571,484.994861
404.004339,-59.001138,488.997348
402.013601,-57.929930,493.062580
397.047384,-56.013546,497.994643
394.037887,-56.031245,501.043245
391.025170,-54.995904,504.989089
386.956727,-54.010854,507.938676
384.028456,-53.010213,511.992787
380.980632,-51.992113,515.023536
376.952468,-51.032029,519.052561
373.985485,-50.007067,522.046525
370.993840,-49.015788,524.987285
367.982428,-47.997938,528.005543
364.986376,-47.033504,532.004227
360.959673,-46.052853,535.049318
357.941158,-45.000854,538.013475
354.036681,-44.010462,540.984048
351.994958,-42.969477,543.003937
348.942149,-42.009910,545.960709
344.979742,-41.006931,548.977134
342.023144,-40.003497,551.966717
339.016136,-39.000696,555.036461
335.984129,-38.043609,556.999580
332.014322,-36.996403,559.996007
329.006376,-36.993410,562.054908
326.980689,-35.969603,565.017326
323.005325,-34.986683,566.975082
320.032150,-33.980378,570.018630
317.056718,-32.977104,571.968926
313.997699,-31.988106,575.002076
310.021859,-31.004523,576.958722
308.004576,-29.999818,578.991783
305.005949,-29.975041,581.005210
302.011362,-29.013940,583.992303
298.992268,-28.065081,586.036439
295.990388,-27.013264,587.985175
293.053429,-25.999218,589.958477
289.036972,-25.004468,591.986402
287.049746,-23.986090,593.916847
284.001769,-23.000908,596.046234
281.000540,-21.994793,596.987627
278.015514,-21.046101,598.998401
275.019425,-19.998710,601.016721
272.004616,-18.978379,602.965987
269.972216,-19.022127,605.000727
267.079605,-18.015487,605.977395
264.015590,-16.951573,608.006501
261.033075,-16.050740,608.978876
258.960595,-15.001993,610.994257
255.963502,-15.002040,611.967053
254.019920,-13.941121,613.983852
251.009799,-12.991041,615.017936
249.031759,-13.022216,617.009285
245.992745,-11.995561,617.987208
244.018717,-11.003741,618.955355
241.983158,-10.959531,619.975928
239.025572,-10.030867,621.973726
236.970023,-9.020645,622.973413
234.975675,-8.989301,624.003915
234.088056,-8.081033,624.976342
230.992891,-7.015455,625.978031
229.040434,-7.018031,626.983504
227.993784,-6.015688,626.979462
225.965919,-4.994815,628.010746
223.994160,-5.043267,628.976097
223.001010,-4.963262,629.975415
220.040391,-3.981354,631.011750
219.013156,-4.001136,631.959514
218.062603,-2.957540,631.917903
217.053703,-2.989511,632.987262
215.976802,-2.981829,632.985539
214.982345,-1.994768,633.011588
213.994692,-1.996181,633.984405
213.009235,-2.023507,634.023341
212.946595,-2.014610,634.026740
212.998441,-1.051003,633.996962
211.961471,-1.040491,634.010014
212.010077,-0.952026,634.019934
212.026460,-1.025657,634.019851
211.999374,-1.042462,633.965054
212.962341,-0.960746,633.955092
212.945355,-2.048697,634.043698
213.026967,-2.058507,633.997056
213.010123,-2.019019,634.006525
213.965998,-1.950870,634.007049
213.996608,-2.006714,633.992933
213.991217,-1.943543,633.944321
215.012798,-3.037521,632.969252
215.032223,-3.001752,633.004194
215.984503,-3.034551,633.042189
216.969244,-3.012373,633.004036
217.971918,-2.986193,632.011639
217.994701,-4.042832,632.044957
218.999180,-3.966346,632.000452
220.009834,-4.003501,631.004253
221.025407,-3.990705,630.970543
221.960659,-5.016122,630.006359
223.014755,-5.040118,629.950110
225.038904,-6.008731,628.987225
226.027768,-6.025417,628.030843
228.003115,-6.990895,627.075141
229.015937,-6.987949,627.046073
230.959448,-7.980561,626.042268
232.995043,-7.980525,624.968726
234.958152,-8.968853,624.005710
237.035758,-9.021894,623.021452
238.944690,-10.022083,621.997675
241.030368,-11.008231,620.018321
243.982657,-11.964170,618.978876
245.957298,-11.967679,617.960745
250.007294,-12.991870,616.014566
251.979197,-14.034650,614.955785
255.027125,-15.008796,612.993743
257.984472,-15.966387,612.019772
260.974522,-17.028511,609.980277
263.988203,-17.989931,608.000187
267.063550,-19.012155,606.004909
271.038831,-19.968174,604.034429
275.012663,-21.003122,602.066063
278.045778,-21.963517,598.963373
281.988182,-23.010456,597.000754
286.019768,-23.985524,594.008272
289.956337,-25.957753,592.061722
294.003763,-27.029980,588.990640
298.024918,-28.059240,586.004958
302.064351,-28.988801,583.010571
306.017804,-31.044916,580.012435
311.002740,-31.953130,576.963287
316.007711,-34.007994,573.038505
319.985547,-34.965206,570.017274
325.004775,-35.983134,565.977404
328.960780,-37.967537,563.017212
334.010568,-39.033662,558.982298
337.996477,-41.000764,554.951903
342.937290,-41.979569,551.028925
348.985978,-43.982416,546.039853
353.971460,-45.039812,542.038571
357.920884,-46.979806,537.011044
363.051468,-48.008821,533.012861
368.006907,-50.042741,528.001999
373.006898,-51.003111,522.998035
377.967013,-52.958708,517.966934
382.988599,-53.994508,513.027051
388.025320,-56.034466,507.008659
393.003232,-57.970451,502.008133
403.999038,-61.006847,490.015154
408.998779,-61.942123,484.035540
413.934734,-64.018324,478.979553
418.908783,-64.976676,471.929772
424.003062,-67.009876,466.049157
427.979476,-67.983748,460.030233
433.035244,-69.033761,453.016867
437.975425,-71.024377,447.044468
441.993946,-71.961858,440.014303
446.997383,-72.981395,434.006252
451.999191,-75.037249,427.028225
456.956234,-76.010568,419.973833
461.025451,-77.033305,412.952380
470.019897,-80.009718,398.012577
473.978429,-81.043397,391.001322
479.024648,-83.037323,383.966897
482.985353,-84.023197,375.998931
486.950097,-85.001794,369.011947
491.020131,-85.937884,361.030610
495.039799,-88.002091,352.977048
497.974811,-88.981506,345.972344
502.045523,-89.946974,338.029797
509.981388,-91.969407,321.982607
512.996089,-92.955118,314.022105
517.022161,-93.998133,306.042394
520.001272,-94.995905,297.987126
523.014354,-96.015493,290.022185
525.963808,-97.002229,281.992039
529.010255,-98.024182,273.947050
531.992729,-98.961312,266.042758
533.974443,-99.962006,257.990795
537.031223,-101.109552,249.008078
539.983434,-101.064687,240.947001
543.016821,-102.016492,232.931358
545.021699,-102.998841,224.960881
546.925204,-104.007613,217.057698
549.981354,-104.026803,207.995838
551.024348,-104.975330,200.035333
554.058001,-105.995601,191.947671
555.990124,-105.995390,184.052341
556.997504,-106.968864,175.039797
558.997227,-106.992803,166.954893
561.018572,-108.016398,159.001708
562.039438,-107.959421,150.011737
563.989842,-108.985992,142.004170
565.989166,-108.972887,133.025632
567.005033,-109.995046,124.910465
567.925536,-109.895522,117.024486
569.054493,-110.008283,109.001005
571.050288,-111.003698,100.996357
573.024131,-110.989020,84.028052
572.983872,-111.930166,75.922332
573.953241,-111.971639,68.048133
573.983852,-112.021171,59.975412
575.030311,-112.015722,51.975543
574.987922,-111.994472,43.975884
575.960214,-112.024466,36.005244
576.003837,-112.988704,27.946030
576.955624,-112.982222,21.019057
577.023053,-112.962356,4.986190
577.041857,-112.983948,-2.005072
577.013500,-113.007282,-9.983211
576.995968,-112.999035,-17.016573
576.058232,-113.018797,-24.985032
576.009764,-113.054358,-32.985791
575.984594,-112.056327,-40.016985
574.987564,-112.032596,-47.981882
574.991113,-112.010091,-54.980266
572.990438,-112.008049,-70.058874
573.020434,-111.967844,-76.990371
573.062388,-111.005472,-84.003349
571.957394,-110.986475,-91.009940
570.963730,-110.980979,-98.996284
569.986343,-110.996069,-105.970750
569.002020,-109.973881,-113.020389
567.064686,-109.982355,-119.987584
567.016568,-109.993351,-127.056460
565.966396,-108.938302,-133.003041
565.083710,-108.987952,-139.985182
562.983626,-109.034126,-146.934942
561.986594,-107.941614,-153.042153
561.031320,-107.997231,-159.991919
560.009044,-106.983306,-167.045083
557.989685,-107.025815,-173.009516
555.948480,-107.049234,-179.017632
555.994024,-105.993197,-184.994987
554.005896,-106.000829,-192.012846
552.002104,-104.997345,-198.010818
551.081358,-104.971146,-204.010151
548.012173,-103.971130,-215.952386
545.978271,-103.008878,-221.027529
544.995478,-102.896705,-226.970331
542.970946,-102.022555,-232.967991
540.959813,-102.039782,-237.963530
539.953544,-101.032617,-243.011470
538.017851,-101.060554,-248.982191
535.984040,-100.041011,-254.021148
534.023999,-100.029459,-259.028110
532.995843,-98.981302,-264.072106
531.017319,-98.973583,-268.932158
528.962958,-98.010644,-273.972622
527.000676,-98.031548,-278.973096
522.998014,-96.057752,-288.034458
522.053513,-95.978512,-293.018504
520.013296,-94.996215,-297.020433
518.001921,-95.038340,-302.037985
517.008537,-93.993711,-306.035806
514.971140,-93.998127,-310.023723
513.029819,-92.959068,-313.967947
510.989375,-93.040835,-318.982607
509.001359,-92.014877,-323.034497
506.989069,-92.012630,-326.002041
506.018086,-91.013953,-330.008587
504.000808,-90.047931,-333.985567
501.958207,-90.031073,-336.971627
500.950844,-89.018875,-341.006759
499.007287,-88.969948,-344.010301
496.999834,-87.974007,-347.982744
496.025309,-87.997331,-351.019701
494.955076,-86.988106,-353.974614
492.943367,-87.001715,-357.014093
491.035912,-85.991392,-359.967675
490.020891,-85.987150,-362.992551
487.975456,-86.018953,-365.965316
486.984684,-85.024184,-367.955329
