452.000000,-73.000000,-426.000000
452.000000,-73.000000,-426.000000
452.000000,-73.000000,-426.000000
452.000000,-73.000000,-426.000000
452.000000,-73.000000,-426.000000
452.000000,-73.000000,-426.000000
452.000000,-73.000000,-426.000000
452.000000,-73.000000,-426.000000
452.000000,-73.000000,-426.000000
452.000000,-73.000000,-426.000000
452.000000,-73.000000,-426.000000
452.000000,-73.000000,-426.000000
452.000009,-73.000000,-426.000003
451.999999,-73.000000,-426.000000
452.000145,-73.000000,-426.000043
451.999976,-73.000000,-425.999993
451.999629,-73.000000,-425.999891
452.000691,-73.000000,-426.000203
452.497822,-72.999963,-426.108731
451.999961,-73.000000,-425.999989
452.006085,-72.999999,-426.001792
451.993212,-73.000001,-425.998001
455.864279,-73.492813,-420.979519
453.998582,-73.000039,-424.001748
455.492570,-73.294091,-421.362130
457.995082,-73.917442,-418.519279
453.449360,-73.001701,-424.593070
456.394481,-73.752109,-420.490540
457.991623,-74.016419,-419.069752
456.963980,-73.987511,-420.026762
464.800662,-75.914500,-406.279647
464.000425,-75.999839,-407.999061
459.375162,-75.127995,-415.229010
460.194502,-74.962793,-413.756864
457.939916,-73.877356,-417.615267
471.338784,-77.958608,-396.932574
460.355977,-74.936655,-413.579278
474.479431,-79.040012,-391.662518
459.810043,-75.042840,-414.289914
465.787847,-76.473871,-405.201001
485.364840,-82.104733,-371.123674
492.204307,-84.323976,-358.293533
477.161188,-80.102428,-385.748111
467.756288,-77.027247,-403.018278
487.576449,-83.249583,-367.260060
476.953991,-79.971084,-386.073743
483.409631,-82.060580,-375.302322
496.221905,-86.027278,-350.378992
481.514293,-81.216942,-378.161515
495.658442,-85.883331,-352.039986
474.801421,-78.981839,-390.571994
501.260420,-87.427259,-340.306710
486.243131,-82.592566,-369.212399
511.204762,-90.836368,-319.459184
497.660064,-85.968839,-347.522573
490.849250,-83.976810,-360.363296
480.632967,-80.940748,-379.691054
513.716832,-90.971935,-312.915671
498.354864,-86.055561,-346.475694
524.733349,-94.940135,-285.685221
534.587107,-97.515429,-257.247808
476.419563,-79.648103,-386.987520
528.431300,-95.606181,-274.796563
534.552003,-97.450823,-257.578930
507.207323,-89.053463,-327.591187
511.904219,-90.985902,-318.196437
547.444404,-101.163697,-216.723455
533.362733,-96.970160,-262.587370
534.179942,-97.049531,-260.320744
525.587212,-95.028588,-283.344258
496.646667,-86.008749,-349.357405
558.401318,-104.741000,-173.448226
513.339848,-90.986454,-314.218905
566.955853,-106.977546,-131.370859
536.339854,-98.635785,-251.991773
558.244802,-104.660920,-174.025040
567.062027,-107.312507,-128.522490
535.218164,-98.146063,-254.349524
538.663399,-99.013744,-247.594237
523.025995,-94.018859,-289.924765
558.667483,-104.869146,-172.432888
519.569398,-92.996127,-298.963266
571.227445,-108.988580,-94.929648
575.246363,-109.992101,-45.882056
569.171210,-108.149834,-109.707659
554.829492,-104.240310,-189.239361
570.688917,-109.058265,-99.458246
553.422082,-103.658848,-194.459175
564.443075,-106.882233,-140.017972
550.973164,-101.989163,-206.113831
558.110437,-104.590383,-174.515787
550.816866,-101.934963,-206.756676
576.981444,-110.213328,-18.817598
572.090106,-108.991899,93.310599
571.223667,-109.070158,100.808141
575.888463,-110.000803,44.196532
577.027237,-109.992219,27.688824
573.958128,-109.928314,-70.204443
568.668834,-107.890873,110.831557
575.776580,-110.000791,45.024258
575.323576,-109.999371,47.662400
576.103064,-110.008479,33.843846
575.379168,-109.990838,-45.123075
567.764562,-108.065869,-119.159258
576.997342,-110.960975,-1.814331
571.365176,-109.094730,99.858573
557.143956,-105.036465,176.218709
576.122950,-110.009889,33.677420
570.956593,-108.983023,102.197130
575.012957,-110.002350,56.552987
577.115343,-109.912780,24.953957
565.614557,-106.996385,135.396623
572.624900,-109.004799,89.878156
575.038456,-110.009320,-51.606714
573.106158,-108.907522,83.687691
561.438779,-106.136248,159.295361
571.191210,-109.062083,101.002207
572.162195,-108.969929,-86.975786
572.907984,-109.453419,76.275757
552.952482,-103.672751,194.734471
574.003737,-110.108142,-65.392588
575.580124,-110.000241,46.221565
570.877091,-108.949872,102.537086
555.746378,-103.941218,185.129715
547.070806,-101.395780,217.103019
573.032982,-108.939412,80.936261
514.431281,-91.784446,311.939145
572.773147,-109.011215,88.904795
565.337320,-107.042952,137.259046
542.304455,-100.135673,233.296987
568.888003,-107.956120,109.543517
532.085496,-96.244094,266.587102
542.531996,-100.230569,232.800117
549.714287,-102.064071,211.144087
538.663724,-99.040128,246.207152
509.051545,-90.014963,322.894762
493.418528,-84.371156,356.038475
486.462642,-83.185767,369.179774
461.401072,-74.803756,413.022272
471.920091,-78.306650,395.531876
554.043118,-104.004632,190.857643
464.190681,-75.728937,408.337991
572.951826,-109.910936,72.894877
506.621107,-88.852426,329.926188
529.638863,-96.025765,273.669307
531.564307,-96.107821,267.686222
508.186973,-89.615562,325.362307
455.102891,-72.763694,422.077358
521.957134,-93.512136,292.567441
471.302870,-78.100952,396.514652
552.834268,-103.611006,195.199317
434.178345,-67.060951,452.699306
462.113565,-75.037364,411.807188
382.723735,-52.531223,513.414554
515.964965,-92.019208,307.469557
559.081507,-105.017498,168.736461
463.384019,-75.459030,409.675438
478.936755,-80.643520,382.665305
447.970033,-70.440700,433.309670
493.281027,-84.321591,356.319104
442.440701,-68.966886,440.707902
481.656261,-81.559656,378.375441
534.657168,-97.715554,256.915419
482.178988,-81.733568,377.490167
350.074334,-42.296130,545.046204
469.438948,-77.479523,399.574908
460.923642,-74.647499,413.838160
542.478263,-100.208593,232.915839
564.276272,-106.681649,141.965839
385.802925,-53.651729,509.396039
374.384143,-50.137548,521.612269
426.620523,-64.846897,461.616371
370.333057,-48.784243,525.608778
343.803169,-40.633448,550.073660
367.692070,-47.889067,528.414037
423.320137,-63.549914,466.827797
402.441273,-58.269121,492.311630
413.317103,-60.818051,478.695614
453.884540,-72.465939,423.555223
358.079839,-45.022268,537.928506
380.983739,-51.995600,515.015284
387.325587,-54.081663,507.706409
408.094093,-59.010772,484.896971
381.854374,-52.246770,514.216048
403.922881,-58.994822,489.111524
275.522298,-20.188164,600.680413
447.397145,-70.162481,434.377315
500.581925,-86.865310,342.869322
356.212253,-44.564299,539.406141
350.995632,-42.590104,544.121471
286.527704,-23.806603,594.426722
357.084113,-44.767515,538.753739
266.856135,-17.945800,606.074778
268.694174,-18.638221,605.445024
264.751932,-17.225161,607.559097
351.568573,-42.806166,543.496246
248.100754,-12.800837,617.430033
303.182676,-29.491084,582.800406
345.055351,-41.015413,548.955071
212.951164,-2.016666,633.985564
406.521078,-58.949052,486.443950
233.153580,-7.567170,625.312214
446.827354,-69.935210,435.249848
391.079750,-55.026226,504.923330
415.507730,-61.365429,476.266420
220.210359,-3.956129,630.959892
447.640702,-70.273675,433.952165
376.794293,-50.942250,519.207888
297.934804,-27.661958,586.662986
265.129329,-17.344146,607.289471
272.187316,-19.034326,602.833551
390.254895,-54.779507,505.628857
278.985578,-21.321307,598.268753
218.644964,-3.635869,631.998540
491.343274,-83.966587,360.386616
255.470964,-14.867478,612.434871
211.992440,-1.002026,634.000007
545.062359,-101.008509,226.749053
279.926202,-21.635115,597.609488
278.257808,-21.083196,598.809293
318.419572,-33.474153,571.052892
213.074529,-1.133021,633.999954
427.835051,-65.247546,459.993955
334.151831,-37.431054,558.417199
334.598665,-37.558462,558.066589
368.097329,-48.034597,527.876155
250.631479,-12.969638,615.265244
271.585204,-18.964866,603.425011
216.286443,-3.119981,633.091813
349.185524,-42.048604,545.844874
212.988825,-1.988968,633.999720
228.191035,-6.199147,626.966830
212.988328,-2.078204,634.000182
236.725888,-8.972161,623.111448
220.081019,-4.017201,630.960282
384.408438,-53.155332,511.432914
213.863765,-1.896043,634.105119
213.924585,-1.935541,634.065009
221.371356,-4.415946,630.516019
283.578052,-22.867172,596.164527
228.445201,-6.515628,626.983740
212.009283,-0.997477,633.999964
213.071614,-1.794896,634.006726
252.099804,-13.248174,614.603050
249.878068,-12.955966,616.055654
216.637061,-3.110605,633.135085
248.048507,-12.785872,617.447827
221.707096,-4.732552,630.292225
214.005499,-2.002540,633.997391
258.113878,-16.038700,611.947119
219.173484,-4.036334,631.797875
294.059739,-26.307557,589.385150
273.831447,-20.679780,602.758743
484.524509,-84.378881,373.242571
225.563709,-5.977779,628.413606
214.064109,-2.057476,633.942095
223.725883,-5.333822,629.746801
237.524433,-9.152644,622.799825
294.363032,-26.407110,589.186669
555.786739,-105.941111,185.416909
221.288776,-4.251751,630.776871
225.535038,-5.986362,628.448111
217.502372,-2.908348,632.601595
223.513521,-5.129677,629.648636
254.632168,-14.385240,613.451769
221.290399,-4.253469,630.775230
236.634904,-8.974650,623.157581
242.915986,-11.713729,619.273566
249.529408,-13.031483,616.529595
277.270316,-21.762608,599.630393
221.011674,-4.007519,630.994284
215.461733,-2.452875,632.868950
232.557888,-7.953913,625.212957
237.745634,-9.268355,622.689422
259.082937,-15.013599,610.948614
521.287677,-95.440340,294.476898
217.147197,-2.947247,632.869031
212.787171,-0.902573,634.000031
215.680668,-2.705143,632.902069
213.184638,-1.988130,634.053626
303.269677,-29.649476,581.986796
226.411815,-5.108838,627.788901
550.721362,-104.727104,201.597864
399.415766,-59.848875,495.139774
278.954155,-22.278216,598.434651
257.784117,-14.978482,611.432076
245.447570,-11.709495,618.206721
408.559430,-61.862640,484.473512
213.000479,-1.997576,633.999997
214.048465,-2.003231,633.995898
412.155237,-63.324548,480.988368
239.109126,-10.068036,621.897135
217.969341,-3.749305,631.908590
229.887969,-7.497085,626.603691
226.887738,-5.288544,627.530624
212.024061,-0.993468,633.999913
251.074784,-13.495792,615.532177
311.428483,-32.125231,576.696229
548.745083,-104.003615,212.181202
234.563824,-8.590376,624.546053
217.754480,-2.890801,632.331317
302.828550,-29.405510,582.339248
252.339788,-14.139661,614.754990
264.172570,-18.060284,607.882955
308.855232,-31.573220,578.343113
285.911219,-23.963775,594.057876
228.073475,-7.021280,626.983814
507.524246,-92.001653,-325.019894
537.844343,-101.031636,246.688886
224.580992,-5.808001,629.288822
518.789603,-94.561448,301.508020
239.118515,-10.073822,621.887848
228.075752,-6.074426,626.982344
331.273946,-38.459250,561.282147
455.388939,-75.770056,422.318455
271.005463,-20.001274,603.997698
213.045832,-1.063251,633.999978
212.905186,-2.101806,633.977996
542.894944,-101.954027,233.326439
572.826885,-112.108576,-75.228624
532.915198,-99.428743,262.460988
566.855370,-109.852589,126.274017
528.282752,-97.767840,275.849532
415.031741,-64.257742,477.678483
543.986918,-102.413048,-230.515380
286.682433,-24.310607,593.599333
215.047016,-3.107445,632.898917
520.867106,-95.299846,295.601011
251.899788,-13.954184,615.069183
212.974879,-1.981164,633.999402
548.731715,-104.004334,212.218587
213.849961,-2.010095,634.063972
313.359416,-32.849528,575.193654
534.066452,-100.032563,257.760649
501.917354,-89.957667,-337.237683
251.662028,-13.834651,615.223894
560.417445,-107.357459,-164.631416
368.411001,-50.114841,527.574107
439.198533,-71.411877,444.987106
311.532877,-32.158136,576.620226
240.238012,-10.671301,620.620261
544.879979,-102.920243,225.570578
213.874774,-1.897921,634.103059
549.917197,-103.988385,208.370935
389.280736,-56.626381,505.664028
572.406611,-110.930130,-88.419996
486.577201,-84.903630,369.755848
411.780020,-63.165881,481.353839
561.265698,-108.047854,156.908576
267.530251,-19.148503,605.692502
211.912726,-1.023813,634.000407
222.580602,-4.954092,630.013413
514.091205,-93.285759,311.716277
211.896514,-1.028248,634.000492
545.329395,-103.238073,223.423817
467.427421,-79.180738,402.327160
285.232627,-23.719780,594.541571
576.240105,-112.973285,-22.776483
495.026322,-87.009660,-353.945537
539.490427,-100.964555,242.308952
572.966217,-112.037874,-76.632387
511.101320,-92.327976,319.368223
506.852658,-91.954356,-326.404698
542.965459,-101.984889,233.108185
575.919560,-113.095131,-31.215460
345.845047,-42.942463,548.603327
218.870974,-4.016724,632.065981
534.513351,-100.041751,-257.450516
408.831519,-61.944127,484.176886
536.826572,-100.388720,-252.034005
299.547999,-28.302856,584.865529
512.584012,-92.866776,315.062896
555.644694,-105.965209,-186.970110
525.753034,-97.451091,-281.649099
560.529206,-107.497044,-163.824036
568.738054,-109.892932,110.435755
573.060178,-111.061155,82.701854
554.434675,-106.047900,-190.811687
483.391772,-84.091362,375.251119
439.532545,-71.507384,444.369408
562.591140,-108.321779,147.117472
531.680579,-99.049544,-267.472959
487.000000,-85.000000,-368.000000
473.800141,-80.933473,391.294234
487.000000,-85.000000,-368.000000
504.928152,-90.711890,332.338789
459.101205,-76.403413,416.340523
445.121038,-72.512332,436.166930
574.085095,-112.003078,58.996327
487.000000,-85.000000,-368.000000
487.000000,-85.000000,-368.000000
487.000000,-85.000000,-368.000000
487.000000,-85.000000,-368.000000
514.642058,-93.418577,310.653728
575.994539,-113.001385,-25.067697
525.145973,-96.711703,284.308632
576.977837,-112.996429,-6.954959
502.067817,-90.024392,-336.828227
497.589303,-88.308306,-346.629354
576.051983,-112.888554,-34.008832
567.003313,-110.088990,-125.831853
535.664889,-99.955035,-254.752639
566.930889,-110.128688,-124.119195
497.822732,-88.452501,-346.130511
565.502518,-108.968007,135.680409
533.068969,-99.030530,-263.733729
555.757114,-105.959657,-186.480838
542.076286,-101.980020,-235.114739
545.524592,-103.037249,-223.733867
563.906178,-108.976599,142.342178
487.000000,-85.000000,-368.000000
523.207183,-96.094790,-287.422575
548.321037,-104.142542,-214.962124
569.918390,-110.922329,-106.740845
531.211212,-99.037794,-268.522738
556.186994,-107.096923,-177.950810
528.354260,-98.072978,-275.790041
577.072776,-113.006052,-12.610816
553.120748,-105.674413,-194.412560
487.000000,-85.000000,-368.000000
487.000000,-85.000000,-368.000000
576.036713,-112.925796,-33.711853
556.270967,-106.233897,181.613316
542.899375,-101.981762,-233.233720
487.000000,-85.000000,-368.000000
564.154388,-109.028351,141.425797
487.000000,-85.000000,-368.000000
562.717305,-108.821458,-148.211840
537.565340,-100.836519,-250.145995
487.000000,-85.000000,-368.000000
487.000000,-85.000000,-368.000000
529.675342,-98.324499,-272.206903
506.323824,-91.400657,-328.707376
576.626233,-112.977066,-20.032459
527.857409,-98.145583,-277.049758
487.000000,-85.000000,-368.000000
487.000000,-85.000000,-368.000000
543.533683,-102.233647,231.209235
493.556057,-87.038706,-356.266525
576.994780,-112.997337,-3.520601
487.000000,-85.000000,-368.000000
504.248966,-90.040633,-333.638434
488.402561,-86.056158,-365.468857
552.014599,-105.007412,-197.938362
487.000000,-85.000000,-368.000000
487.000000,-85.000000,-368.000000
487.000000,-85.000000,-368.000000
487.000000,-85.000000,-368.000000
508.337516,-91.934223,-323.906897
