452.000000,-73.000000,-426.000000
452.000000,-73.000000,-426.000000
452.000000,-73.000000,-426.000000
452.000000,-73.000000,-426.000000
452.000000,-73.000000,-426.000000
452.000000,-73.000000,-426.000000
452.000000,-73.000000,-426.000000
452.000000,-73.000000,-426.000000
452.000000,-73.000000,-426.000000
452.000000,-73.000000,-426.000000
452.000000,-73.000000,-426.000000
452.000000,-73.000000,-426.000000
452.000001,-73.000000,-426.000000
451.999998,-73.000000,-425.999999
452.000127,-73.000000,-426.000037
452.000044,-73.000000,-426.000013
451.999675,-73.000000,-425.999904
451.999462,-73.000000,-425.999842
452.014180,-72.999999,-426.004176
452.045164,-72.999996,-426.013218
452.006265,-72.999999,-426.001845
452.132655,-72.999987,-426.037636
453.127113,-73.000097,-425.675995
453.964350,-72.996776,-424.022414
454.977066,-72.920890,-422.680531
455.002380,-72.998936,-422.993707
455.399255,-73.241869,-421.466027
459.455089,-75.121242,-415.030242
460.627509,-74.902019,-413.308813
457.932259,-74.071203,-419.270647
462.488689,-75.364267,-411.240191
459.151527,-75.085056,-415.748781
455.996976,-73.560450,-420.851803
460.345701,-74.938196,-413.590116
463.842808,-76.054763,-408.330512
459.613699,-75.090414,-414.665023
469.174121,-77.101682,-400.664573
473.078359,-78.461652,-394.512307
468.019282,-77.001923,-402.632945
459.704377,-75.068586,-414.481153
467.459254,-77.039749,-403.427480
478.401743,-80.823679,-383.966872
465.209438,-76.116618,-405.758019
476.288730,-79.573089,-387.226477
476.611740,-79.761359,-386.647259
478.880080,-80.979275,-383.209498
469.072565,-77.033558,-400.862843
490.317578,-84.031164,-363.034735
478.942093,-80.990998,-383.102326
479.466353,-81.014304,-382.105991
503.803730,-88.392794,-333.537978
500.806155,-86.870278,-342.507186
522.665701,-93.753596,-291.028036
494.626400,-85.315370,-354.823652
479.262502,-81.018861,-382.510034
498.871217,-86.166696,-345.724907
509.342645,-90.174491,-322.376071
516.664349,-92.473301,-305.248733
478.218746,-80.738344,-384.233034
528.029472,-95.372684,-275.986487
517.723448,-92.951476,-302.599348
486.130278,-82.525074,-369.426906
513.403193,-90.981364,-313.998972
534.538572,-97.425724,-257.711335
539.424159,-98.948393,-245.521964
554.202497,-104.088821,-191.238795
525.726717,-95.021084,-282.926859
512.569357,-91.038589,-316.638374
531.625785,-97.032327,-265.782099
540.419529,-99.637825,-239.342560
525.194266,-95.023401,-284.473470
531.844773,-97.030697,-265.385494
533.345249,-96.970523,-262.623719
528.140120,-95.432858,-275.662422
563.763215,-106.680405,-142.717852
553.751803,-103.866756,-193.011756
538.550787,-99.017419,-247.851654
555.508430,-104.183679,-187.501257
540.539069,-99.772094,-238.641720
561.534861,-105.728270,-160.796505
547.742466,-101.325553,-215.811274
570.783568,-109.038209,-98.753860
561.880554,-105.955581,-153.578605
535.843893,-98.452293,-252.934202
559.179211,-105.035957,-170.014648
574.820002,-109.986763,-56.453406
574.012086,-110.105437,-65.803474
553.589349,-103.767968,-193.712425
570.014791,-109.008684,-103.904994
559.362733,-105.019983,-168.702477
567.878275,-108.035309,-118.615590
569.127764,-108.107473,-110.031123
574.980424,-110.004452,-49.200780
547.200089,-101.060088,-217.440028
562.325518,-106.134776,-149.663709
569.556929,-108.584148,-106.951130
574.033646,-109.991376,-60.678482
575.016795,-109.999766,49.811909
569.094641,-108.076952,-110.279720
571.341415,-108.991508,-93.840336
576.969898,-110.455542,18.481580
574.016026,-110.102669,-66.039267
576.969687,-110.444831,18.535008
575.122908,-109.994603,-46.681679
563.829166,-106.436439,143.665448
573.154763,-110.095508,70.287054
562.989946,-105.995632,147.045392
575.857577,-110.000841,44.444344
574.940588,-110.002269,51.191516
576.996662,-110.934447,-14.736890
555.353116,-103.943593,186.592435
576.979539,-110.413100,-17.894988
568.118156,-107.948464,115.840375
575.967324,-109.992813,37.511123
569.337050,-108.157002,107.656031
571.512671,-109.098162,98.661597
533.917067,-96.952055,262.295007
540.605136,-99.244353,238.368802
577.074122,-109.904505,-22.845895
566.919520,-107.940900,124.561399
567.507715,-108.136655,120.674891
576.979812,-110.440658,-17.766643
572.913919,-109.385820,76.748655
573.071801,-108.902419,82.100304
575.016497,-110.006454,55.293947
566.589566,-107.610335,127.019950
540.831912,-99.371444,237.491769
550.006979,-102.053858,210.245124
514.960767,-91.992790,310.119746
572.931951,-109.009204,87.680357
512.500671,-90.837853,316.962635
561.560412,-106.139647,158.327868
554.877751,-103.988381,188.172568
480.171127,-81.057801,380.734654
529.933857,-95.998004,272.488489
532.179853,-96.271658,266.392246
522.915998,-93.966738,289.234927
474.985566,-79.328877,390.061856
538.789946,-99.036721,245.813573
492.727368,-84.146389,357.466578
556.618586,-104.679318,179.642900
471.729374,-78.243094,395.835638
535.127355,-98.074226,254.545488
554.989763,-103.977406,187.809618
518.433521,-92.063792,302.089399
525.892214,-94.962315,283.203087
508.729124,-89.909665,323.609222
457.863987,-73.594769,418.642302
516.580293,-91.984972,306.054806
467.027849,-76.676355,403.630587
560.475792,-105.694639,164.206286
527.180528,-95.433922,280.623925
546.383590,-101.133396,218.768961
427.410655,-65.130920,460.468877
522.074857,-93.574540,292.111818
456.576293,-73.168102,420.297818
461.707964,-74.904188,412.497642
459.930640,-74.318928,415.509847
498.617201,-86.205811,346.884955
310.494498,-31.168738,576.728547
519.535526,-92.362351,299.720255
528.248070,-95.809441,278.134719
525.158345,-94.716892,284.550587
454.447162,-72.601791,422.867653
492.815999,-84.171340,357.281307
426.324412,-64.694625,462.225316
447.114800,-70.044876,434.827596
437.832088,-68.325377,446.812916
386.590646,-53.889781,508.421608
546.617266,-101.221833,218.158266
300.813698,-28.569877,584.910649
472.781720,-78.593795,394.135996
391.862103,-55.310443,504.057314
443.307530,-69.035501,439.621777
433.416926,-66.790949,453.950305
368.062519,-48.022252,527.920048
347.866937,-41.717400,546.878734
348.457065,-41.862208,546.433133
372.531244,-49.499038,523.500861
326.932421,-35.974606,565.053871
444.515745,-69.258439,438.169180
371.447617,-49.144815,524.575828
458.862401,-73.951394,417.210142
367.072977,-47.663916,529.313969
360.539090,-45.857458,535.401206
418.848020,-62.278299,471.766189
329.307153,-37.031847,561.673741
386.080287,-53.739483,509.030136
427.862161,-65.254594,459.965240
405.674430,-58.971467,487.219995
378.562234,-51.396940,517.410104
344.442945,-40.837307,549.474876
369.910855,-48.646880,525.991783
393.728875,-55.961630,501.388210
370.787992,-48.931481,525.195711
329.976895,-37.017623,561.174719
359.695274,-45.562166,536.260360
305.118185,-30.011950,580.905649
276.583556,-20.546111,599.995317
315.909939,-32.598609,573.139938
437.682049,-68.265726,447.018828
259.652056,-15.193398,610.450347
366.340487,-47.407272,530.383451
339.213170,-39.070317,554.824417
326.475314,-35.823732,565.358315
457.367867,-73.423047,419.299894
249.293009,-13.027799,616.766717
276.980095,-20.674188,599.726104
327.636291,-36.297852,564.311257
385.863765,-53.671340,509.313856
338.073497,-38.690988,555.662786
301.759151,-28.905841,584.209390
326.442514,-35.813966,565.377186
295.538921,-26.829945,588.342075
288.814634,-24.935204,592.126474
284.092373,-23.028578,595.959918
377.426813,-51.114293,518.566569
246.064920,-12.031413,617.979889
271.475850,-18.965216,603.548984
291.971407,-25.748352,590.506253
363.242618,-46.565480,533.416920
254.107065,-14.058727,613.930748
384.871127,-53.328251,510.747862
237.060597,-9.010853,622.975554
325.407449,-35.545870,565.869808
222.254069,-4.734790,630.262091
222.087407,-4.673910,630.311408
254.425755,-14.250380,613.668157
231.400710,-7.058785,625.852837
214.130588,-2.019018,633.978775
248.119205,-12.806052,617.423628
291.168188,-25.562764,590.880028
212.050594,-0.986315,633.999856
287.199526,-24.096243,593.793992
328.973490,-36.994982,562.033273
282.858012,-22.632541,596.391788
213.104692,-1.202142,634.003542
343.693005,-40.596633,550.182507
240.296272,-10.559607,621.126208
228.448627,-7.023911,626.980212
211.991496,-1.002314,634.000035
214.551326,-2.521385,633.476018
333.995699,-37.388725,558.539345
250.192667,-12.982157,615.723219
239.439295,-10.212887,621.711305
290.946812,-25.511528,590.983061
214.097791,-2.088218,633.911141
211.920512,-1.021216,634.000005
300.519218,-28.515053,584.140637
218.859817,-3.873708,632.027468
214.920782,-1.957027,633.062677
279.038475,-21.338785,598.229970
215.051559,-3.100496,632.904632
254.263323,-14.772450,613.406184
214.880046,-2.859766,633.138274
231.929072,-8.014271,625.520235
212.844214,-0.914926,634.000028
214.066266,-2.004991,633.993826
212.935137,-2.090934,633.986792
216.527040,-3.034813,633.094243
217.999951,-2.999917,632.000089
241.555080,-10.924616,620.278233
260.363761,-16.790644,610.466248
259.938843,-16.650168,610.780683
243.904415,-10.983877,619.049903
213.099551,-1.417972,633.999877
295.933698,-27.485728,587.514072
212.010402,-0.997158,633.999948
218.297232,-3.254524,631.947476
391.782026,-57.603915,503.237530
216.885073,-3.040670,633.069786
214.100550,-2.026995,633.971474
246.086907,-12.010643,617.952315
384.371736,-54.426401,511.396041
266.623947,-18.888556,606.229182
238.735461,-9.830952,622.211107
273.874127,-19.574294,601.670809
258.582809,-16.197306,611.697244
215.205688,-2.967009,633.010440
336.239469,-40.112163,556.747394
515.321170,-93.580334,309.359199
387.662353,-55.834717,507.388313
214.117606,-2.027070,633.971077
213.020830,-1.022160,634.000414
362.801078,-47.944471,533.164619
213.003267,-2.091478,634.000548
334.153618,-39.052895,558.857258
231.253828,-7.034141,625.904520
289.063616,-25.570600,592.486976
274.629580,-20.893330,602.276031
474.164539,-81.058074,390.764862
349.729573,-44.170497,545.447703
219.542478,-4.003005,631.447692
217.263956,-2.909855,632.740292
215.108604,-2.974139,633.012139
260.809362,-16.937381,610.137867
252.910711,-14.343995,614.333446
255.125801,-15.039570,612.941662
289.854560,-25.939847,592.082426
266.626044,-17.860317,606.207390
266.587948,-18.877605,606.251618
404.207194,-61.045802,489.759284
313.943471,-33.102198,574.710783
306.410252,-31.122725,579.746802
414.097715,-64.028488,478.881955
258.132452,-16.045005,611.938181
389.749599,-56.836628,505.213046
366.346277,-49.367347,529.747546
272.711308,-20.402441,603.290967
220.124513,-3.976332,630.963761
458.053253,-76.155824,418.250924
217.009058,-2.998509,632.995028
523.057713,-96.018865,289.849150
462.979117,-77.670949,409.680365
338.670541,-41.200716,554.416222
492.108800,-86.496069,358.805313
512.284885,-92.757013,315.938270
523.868946,-96.285731,287.715474
298.760196,-28.152095,585.445039
576.128059,-112.608045,-35.798380
476.348862,-81.942112,387.841625
532.469818,-99.205269,264.304522
483.124076,-84.028279,375.758716
439.607965,-71.527771,444.228032
442.904593,-72.134405,438.755757
544.393917,-102.639216,227.789867
473.819000,-80.939545,391.266017
292.998448,-26.795379,589.811380
556.631564,-106.723039,177.883424
256.964103,-15.646490,612.357549
556.161988,-106.115110,182.659445
301.840613,-28.933652,583.125446
519.616421,-94.861365,299.109016
572.226567,-110.996046,92.350458
387.580001,-55.794836,507.484792
572.839234,-110.957783,86.275460
217.975512,-3.687598,631.895032
407.560537,-61.647652,485.664839
428.595798,-68.088346,459.080089
494.761054,-87.884457,353.509604
561.053346,-108.018139,158.638559
548.360254,-104.023321,213.239315
311.044156,-32.012135,576.969337
575.939139,-113.020310,-25.874244
543.383177,-102.116141,-232.084794
523.052088,-96.017025,289.863859
516.009630,-93.746481,308.029268
254.639829,-14.888163,613.186191
318.155487,-34.680857,571.367372
228.519646,-7.002886,626.995722
571.436505,-111.041923,98.322417
416.243764,-64.472720,475.963408
445.953214,-72.701104,435.231559
573.026888,-111.543271,78.709427
552.334223,-105.200943,-196.769611
535.521655,-100.642103,253.157620
570.889594,-111.016373,-99.798420
358.402061,-47.122879,536.604297
233.028478,-8.007411,624.986269
548.966472,-103.991907,211.552401
564.789252,-109.042533,-140.901323
576.145654,-112.432240,-36.803212
544.820886,-102.882700,225.848983
573.118814,-111.678023,-79.207348
428.721651,-68.106949,458.888351
576.975946,-113.008075,1.048469
541.880333,-101.526903,236.198972
556.939762,-106.975415,175.391834
487.000000,-85.000000,-368.000000
576.024046,-112.417325,32.267665
553.801625,-105.952390,-192.538754
575.412471,-111.900254,-44.380849
576.081339,-112.100116,-39.002569
540.739220,-101.145795,239.133150
408.343527,-61.805793,484.718563
482.970475,-83.993370,376.058027
562.300275,-108.147731,148.383096
385.067351,-54.686056,510.550781
576.130624,-112.239573,-37.978023
311.038361,-32.010532,576.973369
304.547546,-30.364278,580.999817
572.807182,-112.109936,-74.977850
511.467468,-92.450685,318.385485
568.630931,-109.869201,111.176815
491.431935,-86.260621,-359.183696
538.659857,-101.041957,-247.223890
521.743968,-95.871106,-293.733644
573.045833,-111.923617,-77.606112
566.078177,-109.028564,132.518437
503.869728,-89.988328,-334.179364
567.379372,-110.139872,121.999384
537.125383,-101.012830,248.655138
555.982367,-106.514595,-181.671164
565.021148,-109.019544,137.910782
550.745941,-104.954994,-205.237145
529.760634,-98.377763,-271.988936
565.103690,-108.976120,-139.492266
487.000000,-85.000000,-368.000000
499.225347,-89.036054,-343.673442
577.108429,-112.972426,13.298384
492.036476,-86.621836,-358.277808
512.086064,-92.986866,-316.251757
487.202794,-85.693993,-367.146676
487.000000,-85.000000,-368.000000
562.678370,-108.375296,146.769233
522.335621,-95.877533,-290.691508
575.875980,-111.932413,-41.102412
574.789954,-111.986807,-56.936286
561.350623,-108.031124,-157.463246
545.412653,-103.299347,223.031259
539.739120,-100.953811,-243.973097
456.029972,-75.867440,421.420509
545.315912,-103.066618,-225.206982
487.000000,-85.000000,-368.000000
544.326308,-102.616816,-229.519286
565.902120,-108.977072,133.573313
487.000000,-85.000000,-368.000000
487.000000,-85.000000,-368.000000
575.874115,-113.105216,-29.570424
560.139437,-107.510206,163.073237
487.000000,-85.000000,-368.000000
551.764186,-104.934091,-199.235031
533.850042,-99.920812,-259.599089
560.262497,-107.191594,-165.624132
522.767776,-95.911447,-288.728653
342.902315,-41.974965,551.079303
507.947355,-91.958853,-324.419582
561.294906,-108.038605,-157.847966
555.972298,-106.551264,-181.494346
345.512606,-42.820646,548.887035
487.000000,-85.000000,-368.000000
487.000000,-85.000000,-368.000000
487.000000,-85.000000,-368.000000
487.000000,-85.000000,-368.000000
561.150003,-108.040926,-158.874813
487.000000,-85.000000,-368.000000
502.374903,-90.066253,-336.210346
487.069149,-85.562072,-367.403743
487.000000,-85.000000,-368.000000
576.981213,-113.007080,0.314949
490.376602,-85.905284,-361.964149
487.000000,-85.000000,-368.000000
556.032495,-107.028047,-178.759070
487.000000,-85.000000,-368.000000
564.243767,-109.118038,-142.854933
487.000000,-85.000000,-368.000000
487.000000,-85.000000,-368.000000
490.086429,-85.981766,-362.801674
487.000000,-85.000000,-368.000000
