444.041109,-74.972937,-438.058133
443.960582,-75.046851,-437.951039
444.019625,-75.005115,-438.084220
443.918835,-74.962878,-438.015533
444.022490,-75.025675,-438.005706
443.942016,-74.925785,-437.999372
444.017133,-74.894603,-437.996477
444.000562,-75.047295,-438.039844
444.033420,-75.020164,-437.974441
444.009203,-74.925368,-438.042171
443.995975,-75.062981,-437.968016
444.090497,-74.920941,-437.925838
443.908467,-74.954649,-437.978861
443.977952,-74.901923,-437.961598
444.045673,-75.032328,-437.990559
444.023975,-74.976134,-438.094203
443.995971,-74.964882,-437.947046
444.064338,-74.917163,-437.985388
444.080370,-75.037041,-437.948243
443.981436,-75.059126,-438.058107
444.995319,-75.045459,-437.975587
445.052146,-75.040636,-436.989527
445.056265,-75.958994,-437.026621
445.968654,-75.978018,-436.047730
445.948992,-76.036083,-436.108690
447.054274,-75.967919,-435.043998
447.022623,-75.996536,-434.005215
447.060147,-76.063018,-433.051239
448.030785,-77.058576,-431.992181
448.924028,-76.970338,-429.915097
450.937632,-77.067237,-429.002558
452.006002,-77.987747,-426.968118
451.972048,-77.942661,-425.973741
454.026360,-77.901137,-424.046433
455.012420,-79.012001,-421.938044
458.038604,-80.031260,-416.955683
459.950375,-79.975533,-414.959430
462.020539,-81.036915,-412.004420
463.094238,-81.028626,-408.974483
465.082452,-81.947027,-406.012473
467.030298,-81.951724,-403.048535
468.966894,-83.001172,-399.049392
472.062079,-83.958031,-394.982838
473.974478,-84.070287,-391.999870
478.961266,-86.005987,-382.994674
480.974387,-86.993387,-378.995156
484.019445,-87.019527,-374.072070
485.967324,-88.050759,-369.028065
489.050820,-89.002297,-363.941600
490.976527,-90.139959,-359.046702
494.978997,-90.966721,-353.048100
497.065030,-92.048285,-347.990820
499.978172,-91.937799,-342.042263
503.039237,-92.981398,-335.987878
505.947305,-93.953400,-330.020117
508.049756,-95.065522,-323.951899
511.129431,-96.021731,-318.086640
513.004961,-97.005642,-312.033212
516.074590,-97.043313,-305.883484
518.036936,-98.096195,-300.094669
520.987792,-99.005654,-294.964973
523.025831,-100.005951,-289.042169
525.015730,-100.063779,-283.021882
527.033330,-100.964101,-277.851973
528.968297,-101.037617,-273.014420
532.906294,-103.016289,-261.974339
534.050705,-103.018001,-256.986628
536.040452,-103.965169,-252.001173
537.983557,-103.982750,-246.992533
540.025012,-105.002620,-242.986585
540.949170,-104.969276,-237.988719
541.957112,-104.977231,-233.085194
543.971321,-106.092849,-228.052363
544.978938,-106.098465,-224.030806
545.948963,-107.003181,-218.981009
548.040094,-106.986582,-213.999790
548.981070,-106.948797,-209.984259
551.021846,-107.981637,-204.988371
551.072818,-107.995965,-200.986887
551.991831,-109.047267,-195.996596
553.983866,-109.014365,-190.937195
555.063889,-108.989825,-186.962509
556.024332,-109.991905,-181.980880
556.979785,-110.078376,-177.010206
558.037548,-109.968993,-173.028223
559.052253,-110.983978,-167.989390
559.894815,-111.008879,-162.984898
561.058207,-111.061056,-158.931030
561.970658,-111.029420,-154.012118
562.022664,-112.122408,-149.981898
562.985968,-111.962546,-145.079405
564.026355,-112.005608,-140.908674
564.996423,-111.902500,-135.986196
565.972965,-113.062990,-132.025127
567.094613,-113.042151,-126.981024
567.091238,-112.928845,-123.010452
567.966479,-112.991416,-117.961984
568.016423,-113.955750,-112.993862
568.979646,-113.937083,-108.015404
570.120136,-114.036160,-102.958874
571.022721,-113.937387,-97.999607
571.998811,-114.025483,-88.059267
572.952716,-114.970477,-82.998950
572.984883,-114.974685,-78.049946
572.999007,-115.008390,-72.028610
572.894447,-114.959260,-66.027560
574.009830,-115.053861,-60.955747
573.922281,-114.933402,-54.972295
575.009145,-114.956089,-50.045267
575.031036,-115.926983,-44.121933
575.975982,-115.979818,-38.079131
575.961920,-115.992687,-31.967042
576.001143,-116.047013,-26.043939
575.963945,-116.045384,-14.048942
577.005611,-116.014896,-8.005290
576.997842,-116.019937,-1.985750
576.982055,-116.035904,4.030697
577.078638,-116.005986,10.076295
576.037980,-115.981586,15.967237
575.932153,-115.963863,22.961429
576.020879,-116.029135,30.079001
575.950322,-116.005628,35.964774
575.049172,-115.935381,43.033147
575.002331,-114.994316,49.074050
573.971957,-114.996652,55.991509
573.946777,-115.075548,63.011114
572.949556,-115.048712,77.072698
572.018292,-115.101166,83.975742
572.122691,-113.918936,91.093452
570.997843,-113.974062,97.933566
570.106595,-114.054851,104.972836
567.993058,-114.074825,111.936078
566.945352,-112.902217,119.001096
566.956736,-112.970191,126.017766
565.981915,-112.998140,133.005292
563.955817,-112.112616,140.083935
563.010835,-112.082676,148.045410
560.025613,-111.049173,161.935313
559.092039,-109.956924,169.943498
557.054106,-109.986219,177.021738
556.011794,-109.003181,184.047522
554.047606,-108.959072,192.083384
550.975124,-108.008967,198.958102
550.014232,-107.957635,206.929963
547.902026,-107.017282,214.961633
545.002513,-105.959482,222.014804
543.974886,-106.008661,230.022238
538.958417,-104.110829,244.887785
536.002025,-104.020467,252.064780
533.855392,-102.952613,260.048644
531.035621,-102.024699,266.986442
529.046721,-101.067459,273.913707
526.088674,-100.080508,282.090033
523.022053,-99.964587,289.059372
520.082087,-98.948352,296.024835
517.933155,-98.041547,303.952984
514.032269,-96.935718,311.035146
511.103899,-95.935764,318.060687
507.014990,-94.973287,325.932641
504.007184,-93.979737,332.937549
501.038618,-92.993631,340.002942
497.060731,-92.021887,346.966750
493.995378,-90.966466,354.049967
490.948587,-88.981661,361.111703
487.036237,-87.934408,368.058579
482.962360,-87.019321,374.975791
480.074284,-85.914990,382.048128
475.051979,-84.955391,388.906166
471.971668,-84.083257,395.059574
468.031167,-82.967445,401.966985
463.035394,-80.947947,408.007148
460.058593,-79.979089,414.920928
455.033706,-78.966750,422.051776
450.977179,-77.072828,428.019114
446.957995,-75.965319,434.045566
442.921373,-75.032419,440.000824
435.034992,-72.036151,451.032324
430.969606,-70.991587,457.031047
426.042399,-69.970056,462.967179
421.960355,-68.021805,467.981651
418.029009,-66.962333,474.073127
412.976628,-66.027690,478.991427
409.040335,-63.876325,483.987653
399.930014,-61.998457,493.972725
396.017317,-60.057401,498.928224
392.007487,-59.029776,503.955787
386.974111,-58.026406,508.008980
383.082257,-56.007929,513.015386
379.086016,-55.059118,516.874811
374.940847,-53.968957,521.961235
370.997813,-53.110749,525.931214
365.949598,-51.028525,530.028509
361.994005,-50.085809,533.963605
358.061394,-49.039664,537.987820
353.935530,-47.992790,540.976485
349.926308,-45.920925,544.973902
346.013864,-45.016781,549.032584
341.906079,-43.994189,551.932068
337.898174,-42.952582,555.025202
334.003151,-42.004191,557.977230
330.952583,-39.989707,561.023998
326.987750,-38.999026,564.029177
324.041520,-38.010303,566.986342
321.004652,-37.022977,569.019782
316.987220,-36.081749,572.045169
314.123818,-35.022944,574.032554
310.982609,-34.032352,577.005407
308.022895,-34.058369,579.012150
305.014563,-33.037735,580.977505
301.981694,-32.002016,582.996315
299.013583,-30.994407,584.949191
296.880771,-30.087507,587.030226
294.083931,-28.942084,588.975424
292.071632,-27.941179,590.898190
288.957213,-27.000698,593.000870
286.053474,-26.958182,593.849446
283.969694,-25.878991,596.070782
281.874661,-24.966295,597.039190
279.064914,-25.034368,598.918407
278.017555,-24.006341,600.018228
274.981482,-23.007633,601.048546
273.151695,-22.931774,602.076545
271.972978,-21.980586,603.948535
269.964108,-22.041659,604.944395
266.978439,-20.920152,605.973305
265.962890,-20.940578,606.931600
264.120288,-19.953754,608.022515
261.974252,-18.932781,608.943979
261.043488,-18.974244,609.957395
259.025198,-17.992193,610.969523
257.981038,-18.046231,612.110699
256.025668,-17.047637,613.020380
255.035621,-17.088611,613.986068
252.941358,-17.091518,613.913063
251.962185,-15.965103,614.995807
249.981397,-15.970144,616.097194
248.951157,-15.072159,616.966239
248.087052,-15.000093,616.976826
245.938897,-15.089211,618.020753
245.019724,-14.016055,619.003579
244.968098,-14.012237,618.977554
242.924111,-12.946981,619.970845
242.002731,-13.012057,619.953020
241.072304,-12.975254,621.095698
239.959241,-12.010255,620.876248
239.060470,-12.111245,622.028060
237.883294,-12.068534,621.955651
237.005083,-12.099164,623.016905
236.985532,-12.015911,623.051712
235.922846,-11.013206,623.962597
235.057701,-11.023983,624.047105
233.996583,-10.832998,623.967140
233.986216,-10.923719,624.004344
233.933057,-11.028727,624.066381
233.975774,-11.109135,624.977428
233.941051,-10.006866,624.988844
233.965987,-10.053264,625.037448
234.078951,-9.981299,624.998055
234.113615,-10.067644,625.028151
233.944685,-11.019090,625.077933
233.980906,-11.044047,624.956323
234.059031,-11.036714,624.967413
234.088140,-11.039288,625.041993
233.946345,-10.989917,624.062310
234.044353,-10.951888,624.052058
233.985848,-11.084125,624.006580
233.976871,-11.021528,624.011975
234.038365,-10.933386,623.974337
234.921881,-11.071281,623.990532
235.033205,-11.120642,623.980160
236.027223,-10.983114,622.982315
235.994040,-11.021761,622.944966
238.034654,-11.944994,622.946936
237.923492,-12.001217,622.003062
238.963135,-11.974014,622.046041
238.993666,-11.960549,621.886327
239.947409,-12.893130,620.951178
241.007874,-12.971962,620.966495
242.932572,-13.011116,619.949485
244.013665,-13.994102,618.969531
245.052554,-13.887798,618.906044
246.032164,-13.996808,618.083873
248.036388,-15.015936,616.959357
250.053807,-15.039925,615.990535
250.926710,-16.088587,615.084373
253.010993,-16.952222,614.019315
255.048589,-17.005023,613.039060
255.969047,-18.026044,612.070639
258.944089,-18.022496,610.945004
260.975552,-18.991737,610.081689
263.025206,-19.958896,608.035793
265.967730,-21.031193,606.916016
267.996425,-20.969646,604.951819
271.019168,-21.993517,603.982415
273.916889,-22.952735,601.894062
276.986309,-24.043747,600.037481
278.894983,-24.978023,599.031028
282.892920,-26.055169,596.940712
286.014242,-26.951205,594.971339
288.975920,-28.072603,592.072856
292.008767,-29.033869,590.027749
296.061271,-29.992580,588.039041
298.973635,-31.100220,585.055671
302.971383,-31.975593,582.893908
306.032060,-32.931324,580.078135
309.960542,-34.003882,577.004539
313.987632,-35.035224,574.084360
317.953080,-37.030003,571.042553
322.046823,-37.944484,568.050721
327.027879,-39.051853,565.032162
331.079162,-39.975094,561.993655
335.017876,-41.982552,557.990666
338.946687,-42.971359,555.055951
342.991704,-44.141364,551.006300
347.930703,-46.001106,547.062044
351.972419,-47.083338,543.027909
356.974627,-48.055394,539.056488
360.902506,-49.962688,534.970004
364.992784,-50.949339,530.002565
371.005332,-52.968798,525.977429
375.080468,-54.058909,520.941208
383.939467,-57.001253,511.919797
388.000386,-57.945927,507.052152
393.002881,-59.962419,502.003087
397.989444,-61.031652,497.117828
402.925235,-62.941355,491.973958
407.037596,-63.974780,485.945535
411.966683,-64.970349,480.031759
415.983082,-66.971496,474.917801
421.012419,-68.060290,468.976035
425.009628,-69.933039,462.923546
430.001092,-70.956176,457.987530
435.022322,-71.961299,451.950272
439.035660,-74.007240,445.993456
442.943216,-74.980049,440.046073
447.015227,-75.949173,433.046405
451.958009,-78.012085,426.934536
456.067880,-78.971695,421.030142
460.046109,-80.079566,413.917622
463.900921,-82.026286,407.901891
472.078935,-83.960873,393.978138
475.904625,-85.024829,387.054016
479.934932,-86.064177,380.985717
484.042738,-88.014479,373.963688
488.013410,-88.877249,367.037956
491.098964,-89.990860,359.907974
495.026969,-91.048015,353.066112
498.027224,-91.989144,346.059051
502.041476,-92.967466,337.985075
505.040436,-94.027854,331.008240
507.994351,-94.960474,324.005115
511.949672,-95.952865,316.032210
514.951084,-96.907284,308.982498
518.038513,-97.975337,300.997675
520.937617,-98.992620,293.973452
524.082554,-100.041166,286.063091
527.096289,-101.051016,278.933046
529.981017,-102.088614,271.019768
534.984526,-102.990411,255.017883
537.979460,-104.095646,247.035987
540.033109,-105.011806,239.030739
542.976181,-106.045559,231.939620
544.954013,-106.005584,224.010239
546.994259,-106.986795,216.032193
550.020257,-107.996728,208.079148
550.934641,-107.991636,200.016015
554.070023,-109.019684,192.033149
555.989474,-110.078165,184.035650
557.037389,-109.935603,175.059559
558.965290,-111.039219,167.005578
560.999600,-110.874026,159.045038
561.948362,-112.173247,151.062907
563.932943,-112.070220,144.071346
564.977662,-112.974875,136.092236
567.086681,-113.069574,128.001028
567.054255,-112.969164,120.030579
568.006139,-114.048270,112.015768
570.036133,-114.025710,104.040160
570.975113,-114.031122,96.060289
571.947102,-115.027150,88.971540
573.058956,-114.972567,81.058421
572.986223,-115.075766,72.958000
573.017857,-115.001621,64.972965
573.997643,-114.867996,57.013368
575.050689,-116.015221,49.919439
575.098199,-115.967748,42.220570
575.980387,-116.003368,34.998593
575.953854,-116.111934,19.023857
576.017189,-116.052043,11.984980
576.961176,-116.054977,4.965908
577.042480,-116.020132,-1.919145
577.040599,-115.942933,-8.971474
576.056971,-115.947644,-16.045547
575.907663,-116.035163,-22.981111
576.030762,-116.009966,-29.954343
575.972196,-115.988693,-37.001457
575.059928,-116.014692,-50.066483
573.956821,-115.107259,-56.991000
574.001594,-115.065681,-63.962096
573.054221,-115.016632,-69.957922
572.959402,-114.986589,-76.878523
573.017364,-115.008206,-82.940174
571.901275,-114.991327,-88.987755
570.970421,-113.955444,-95.884172
569.923273,-114.011428,-102.044047
567.984786,-114.117782,-114.041414
567.000338,-113.010731,-120.137682
567.028317,-112.921996,-126.034006
565.976080,-113.052407,-131.966981
564.912462,-111.934210,-137.991172
562.957339,-112.004915,-144.097000
561.961977,-112.008529,-150.048067
562.040273,-111.039950,-156.025661
561.047821,-111.038641,-161.017263
559.017991,-111.057766,-166.979434
558.045927,-109.985950,-173.055433
556.083420,-110.050917,-178.106910
555.991626,-109.957406,-184.031693
554.046461,-108.980669,-188.966359
553.016235,-108.996167,-195.031406
550.960324,-107.875894,-199.975871
549.992445,-107.998609,-205.994610
548.925797,-107.969948,-210.962909
547.080388,-107.108300,-215.960936
544.999328,-107.033473,-221.004661
543.919618,-106.026882,-226.988484
543.051479,-105.964057,-231.981327
540.909901,-104.976715,-237.086245
540.045837,-104.978648,-241.987782
537.902456,-103.955936,-249.029146
535.966207,-103.984067,-253.046362
533.915109,-102.967594,-257.975164
533.033348,-103.027194,-263.071268
531.047245,-101.998818,-267.995592
527.994736,-100.959100,-278.016714
524.932704,-100.006914,-283.023107
523.028995,-99.939630,-288.031808
521.993183,-99.009543,-292.008620
520.066993,-99.063460,-297.005640
518.018638,-97.992469,-302.099764
515.955264,-96.934182,-307.078619
512.933529,-96.891331,-312.034462
512.033576,-96.001075,-317.054954
508.920889,-95.044614,-322.975409
507.027366,-95.052147,-326.985206
504.961858,-94.059098,-331.033079
503.023368,-93.941537,-336.075029
502.120826,-93.009812,-340.006155
499.058206,-92.001315,-344.099829
497.028628,-91.973769,-349.012913
495.038359,-91.040827,-353.044541
493.097020,-89.895173,-357.000626
491.017438,-90.042111,-360.006344
489.024212,-88.995670,-364.078019
487.027969,-88.953630,-367.963886
485.024247,-88.095764,-371.004966
483.950693,-86.958759,-374.987201
481.002278,-87.067310,-378.054570
480.052128,-85.915957,-380.973697
478.046860,-85.957177,-383.961014
475.974164,-84.980963,-386.976980
473.961063,-85.021570,-390.002812
472.025035,-83.952792,-395.012836
470.055453,-83.060696,-398.088306
468.952873,-83.009255,-400.043101
467.981654,-83.092720,-402.010159
465.969177,-81.964107,-404.999405
465.044604,-82.067490,-407.016606
462.983915,-80.995854,-408.965789
462.938608,-80.969457,-410.023633
462.031830,-81.060823,-411.924032
460.098099,-80.014035,-414.014442
458.951874,-79.951718,-415.988631
457.928531,-79.890398,-416.924191
458.012581,-80.002828,-417.944168
457.016690,-78.938504,-418.953631
457.070256,-78.916146,-420.019077
455.907057,-78.958287,-419.892410
455.981593,-79.003671,-421.075069
455.937656,-78.981924,-420.986701
455.079387,-78.943708,-421.968387
455.044934,-78.984323,-421.971443
455.013201,-79.082634,-422.030018
454.986348,-79.096239,-421.987012
454.930590,-78.987025,-422.071118
455.022901,-79.021599,-422.058348
455.004393,-78.890874,-421.987917
455.058182,-78.962084,-421.989162
454.979387,-79.066639,-421.964377
455.059557,-78.957336,-422.030296
455.093870,-79.007950,-422.035009
455.040877,-78.995259,-421.906300
454.974647,-78.984652,-421.942989
455.032873,-79.056206,-421.965125
454.987382,-78.936165,-421.947253
455.000433,-78.950312,-421.980724
454.977506,-79.009549,-422.026829
454.962284,-78.963060,-422.004920
455.037443,-78.968680,-421.996959
454.928101,-78.994347,-422.026515
455.067045,-78.958345,-422.042069
454.903963,-79.004915,-422.044039
455.041038,-79.019080,-421.981050
455.041164,-79.121686,-421.956823
455.013737,-79.025657,-421.972647
