444.000000,-75.000000,-438.000000
444.000000,-75.000000,-438.000000
444.000000,-75.000000,-438.000000
444.000000,-75.000000,-438.000000
444.000000,-75.000000,-438.000000
444.000000,-75.000000,-438.000000
444.000000,-75.000000,-438.000000
444.000000,-75.000000,-438.000000
444.000000,-75.000000,-438.000000
444.000000,-75.000000,-438.000000
443.999969,-74.999998,-437.999991
444.000000,-75.000000,-438.000000
443.999997,-75.000000,-437.999999
443.997896,-74.999846,-437.999381
443.999980,-74.999999,-437.999994
443.917371,-74.993941,-437.975678
444.000118,-75.000009,-438.000035
444.026196,-75.001921,-438.007711
443.999875,-74.999991,-437.999963
443.894986,-74.992299,-437.969089
443.895064,-74.992305,-437.969112
444.000444,-75.000033,-438.000131
443.981864,-74.998670,-437.994662
446.257317,-76.002723,-435.793931
446.659954,-75.997757,-435.417365
447.127103,-76.015446,-434.668187
446.934899,-75.955484,-433.777284
444.929936,-75.912505,-437.040036
451.196605,-77.085340,-428.816808
451.669410,-77.434100,-428.130449
451.887918,-77.708371,-427.601154
450.853277,-76.954375,-429.107393
454.501823,-78.491923,-423.130460
465.214001,-82.042283,-405.719504
454.536499,-78.544496,-423.041618
472.106042,-84.004994,-394.876084
467.962078,-82.412341,-400.946509
479.702859,-86.402594,-381.608661
456.551445,-79.678261,-419.224055
453.880735,-77.967192,-424.128941
461.193493,-80.582645,-413.465430
460.692038,-80.300586,-414.181525
476.193798,-84.751679,-388.129237
493.299065,-90.542428,-355.549840
480.685678,-86.953327,-379.552489
470.824620,-83.733027,-396.434053
482.090460,-86.982465,-377.281180
467.452722,-82.138598,-402.055980
486.539028,-88.213050,-368.036153
511.930279,-96.556377,-315.227026
485.311678,-87.609897,-370.598413
501.086529,-92.249539,-339.829534
459.411851,-79.937950,-415.522587
507.144474,-94.596557,-326.427755
485.160043,-87.509267,-371.015497
482.556650,-86.961337,-376.546281
519.897453,-98.622500,-296.855032
518.380918,-98.154729,-299.244328
506.811941,-94.407637,-327.542959
529.453071,-101.173998,-271.834014
497.403447,-92.034051,-347.071278
517.255699,-97.570410,-302.055139
498.458358,-91.995053,-344.940712
542.878417,-105.467338,-230.692656
512.011341,-96.608576,-314.949312
506.532627,-94.252878,-328.461989
543.828530,-105.943698,-228.436731
534.647879,-103.350168,-255.174358
551.856332,-108.935469,-196.428273
525.261038,-100.091426,-282.313189
560.814732,-111.011751,-159.717168
527.246969,-101.011165,-277.403949
546.442106,-107.113194,-217.787168
551.456730,-108.657846,-197.813945
547.420817,-107.105428,-215.487259
546.752163,-107.138168,-217.035538
555.275692,-109.273595,-185.614147
530.759413,-101.816299,-268.413446
562.009293,-111.018141,-153.877081
553.030820,-109.134115,-193.381670
559.337146,-111.099243,-166.234000
539.380020,-104.650244,-244.413674
544.637184,-105.997755,-225.953003
549.484400,-107.234454,-208.805241
528.212731,-100.852978,-275.009274
557.628479,-109.870750,-174.502092
561.445262,-110.928277,-157.188967
558.754326,-110.796029,-169.299335
571.617516,-113.890916,-91.495383
566.216820,-113.078364,-131.161457
560.480832,-111.001139,-161.005838
562.825930,-112.024491,-145.681033
563.809182,-112.012002,-141.849204
567.976101,-113.897056,-113.651330
573.051031,-115.067220,-82.426960
565.441941,-112.461545,-134.119484
557.037563,-109.987224,-176.837029
565.348476,-112.346375,-134.490963
566.943070,-113.020313,-127.583397
574.711481,-114.893842,-51.642866
575.900635,-115.998281,-18.991819
551.030562,-108.104899,-200.286915
576.003756,-115.998791,-32.128389
555.977600,-109.985223,-182.114570
566.362776,-113.099332,-130.573000
575.942271,-115.997991,-22.514436
575.039040,-115.085558,48.265403
574.201817,-114.946636,54.437399
575.949518,-115.999632,16.642243
575.003152,-115.004044,-49.966264
577.088256,-115.999879,-4.359622
569.370433,-113.965917,-106.194896
575.005798,-115.007630,-49.936854
568.040640,-113.417164,-115.800988
574.971079,-115.938982,-44.519432
576.010718,-116.002486,-27.473021
576.056248,-116.000227,15.488584
574.976848,-115.956229,-44.383724
572.895834,-115.006032,-67.485099
563.772859,-111.942921,141.582489
544.838530,-106.010489,222.877215
572.167152,-115.104534,82.410800
571.505494,-113.915162,94.956247
572.592631,-115.069258,79.898848
575.000385,-115.000497,48.994832
565.785862,-112.911530,133.773201
573.988289,-115.003908,56.131837
500.554269,-92.875928,340.828946
574.041875,-115.011752,-59.839285
551.506304,-108.172338,197.497148
575.884153,-116.028453,-38.866268
546.769705,-106.503526,217.695040
528.171079,-100.618647,276.467465
568.821593,-114.099196,109.181896
537.980237,-103.844567,247.370231
575.996749,-116.007341,-29.685995
543.209860,-105.656188,232.988023
567.999904,-113.999968,112.000372
490.138804,-88.668388,362.656606
555.171498,-109.007480,188.272485
509.834689,-95.691999,320.448589
567.982241,-113.993863,112.069233
543.926848,-105.970070,230.312617
506.290923,-94.798020,327.492534
482.328537,-86.757756,376.627349
576.946766,-116.000073,1.423272
565.375888,-112.714455,135.129818
567.361499,-113.573282,115.116771
474.466670,-84.856636,389.839065
563.890363,-111.961807,140.646842
424.256392,-69.220973,465.015507
416.254539,-66.752027,475.878784
305.368811,-33.149159,580.744100
485.490903,-87.681971,370.435670
436.880323,-72.700216,448.370801
563.663842,-111.958504,142.754435
411.344376,-65.030685,481.044519
457.230561,-79.554640,419.124591
574.973304,-115.947119,43.471750
309.781228,-33.983101,577.924298
574.999302,-115.999030,43.009853
536.864598,-103.909748,249.759317
566.976460,-112.881824,120.928638
371.829992,-53.267308,525.294124
536.940747,-103.898378,249.594473
560.798768,-111.387503,158.101545
531.403218,-102.134103,266.014771
373.764703,-53.736661,523.420943
426.890452,-70.273652,461.980089
566.882812,-113.091251,127.955941
416.281931,-66.756150,475.851689
567.012338,-112.893178,123.536248
376.855097,-54.470008,519.616114
526.007893,-100.000921,281.980630
519.279932,-98.576276,299.142355
414.610810,-66.463204,477.442592
431.210163,-71.026544,456.712002
311.839636,-34.174020,576.191435
357.270877,-48.850830,538.579695
454.979259,-78.992812,422.027661
487.960775,-88.175857,366.433870
488.952988,-88.366158,364.765222
525.040998,-99.971788,284.343565
281.150867,-24.969417,597.476189
451.723867,-77.350078,426.870179
250.593478,-16.038258,615.690708
298.679321,-30.851141,585.295884
342.484580,-44.133308,551.650428
297.861684,-30.408934,586.181103
269.247585,-21.813714,605.212540
496.938387,-91.986012,347.118448
502.397143,-93.429579,337.023425
301.423878,-31.826799,583.356177
323.136299,-37.672710,567.651001
292.464782,-28.247603,590.526536
550.132166,-108.016857,205.693293
438.952100,-73.490758,445.539062
358.951037,-49.222671,537.154096
450.560125,-76.823784,428.673149
397.594379,-61.011001,496.805911
282.920869,-25.253201,596.597283
346.794879,-45.154819,548.285816
278.015123,-24.011525,599.992659
403.553731,-62.806507,490.090117
265.312281,-20.717235,607.421517
395.217366,-59.668529,500.132796
268.583213,-21.586149,605.408926
237.489102,-11.968592,622.400587
375.445538,-54.105776,521.443789
298.590640,-30.806637,585.384625
250.615559,-16.037006,615.680875
297.778565,-30.364032,586.271192
252.303174,-16.203018,614.682477
234.000154,-11.006967,625.102964
397.917689,-61.190356,496.405824
255.205024,-16.943208,613.915745
263.196957,-19.545659,608.344033
292.720238,-28.389723,590.245927
375.000846,-54.000194,521.998963
272.736970,-22.792972,602.454061
233.951830,-10.997369,624.010778
239.552919,-12.625212,621.339091
266.325531,-20.986027,606.611939
439.792665,-73.811478,444.396000
256.751427,-17.401544,612.581880
249.824338,-15.935114,616.126222
378.766320,-54.948607,517.258983
254.245608,-17.120631,614.017394
262.165674,-19.047262,608.880407
260.919763,-18.942233,610.081247
234.001675,-10.655143,625.107570
234.001188,-10.331985,625.076339
258.435217,-18.013231,611.596280
296.883942,-29.954818,587.090078
308.430814,-34.032102,578.743720
238.110912,-12.096291,622.529787
243.241864,-13.134337,619.779205
384.041282,-56.510031,511.671079
346.768953,-45.149884,548.309993
234.002182,-11.000354,623.932829
251.104459,-16.102107,614.925164
270.311630,-22.037242,604.911737
233.999975,-10.972588,624.983237
239.820439,-11.920041,621.131649
233.999976,-10.972832,624.983697
299.234924,-31.097747,584.806576
253.308636,-17.096552,613.964050
234.000000,-11.035171,625.000785
233.999423,-10.998144,624.466321
245.152570,-14.034105,618.936766
234.000057,-11.000905,625.037947
254.222861,-16.958716,613.464547
279.266731,-25.083721,598.872683
234.000002,-11.071854,625.002106
239.023177,-11.905847,622.133986
234.000052,-10.016930,625.003324
254.050856,-17.134299,614.002090
279.099255,-25.032228,598.952788
272.322801,-22.257070,603.420739
321.249581,-37.860885,568.511163
233.993967,-11.064294,624.271090
315.373922,-35.656421,572.974488
240.201947,-12.166071,620.951889
441.109867,-74.647620,442.956577
235.855708,-10.902217,622.920621
282.439002,-25.080697,596.793686
321.507870,-37.908420,568.331413
273.068032,-23.026843,601.913701
234.001042,-10.282086,625.066946
237.611659,-11.974055,622.278394
234.018604,-10.972990,623.890698
233.999967,-10.989404,624.977499
235.863538,-10.911329,622.933259
488.834424,-89.245381,365.104010
234.030758,-11.000181,623.991408
235.074132,-10.987163,624.014812
238.431915,-11.997785,621.871285
267.688271,-20.968685,605.246022
237.079480,-11.978300,622.890862
305.866466,-32.957479,580.130129
287.032845,-27.349160,593.990776
235.456147,-10.905501,624.104534
349.742673,-46.561409,545.291519
443.807812,-75.144525,438.552718
248.449149,-14.892650,616.982301
263.744936,-19.854469,608.107158
234.020806,-10.974142,623.894077
525.399173,-100.449971,282.608508
251.180338,-16.170156,614.874951
254.409315,-16.943301,613.371651
233.916268,-10.997166,624.025261
254.998875,-17.000274,614.000272
407.871080,-64.118180,484.849887
375.263228,-54.082715,520.708210
387.127147,-57.741020,508.135467
238.960343,-12.005946,621.979657
358.855767,-48.863290,537.403041
310.295892,-34.057828,576.789044
266.191690,-21.023647,606.870568
553.975394,-108.989022,192.063740
234.029543,-11.000178,623.990971
291.472508,-28.849120,590.249951
243.292264,-13.172741,619.727251
325.257916,-38.654676,566.028868
240.104694,-12.076927,620.962760
420.562525,-67.875122,469.591976
431.147249,-71.145769,456.791256
241.318057,-12.941703,620.915947
562.726447,-112.053324,-144.976964
553.850254,-108.934267,192.382758
254.285541,-16.953035,613.433977
308.598718,-33.697122,577.974229
338.935026,-42.988699,555.056424
413.994647,-66.030660,477.506179
392.933738,-59.980334,502.064851
269.016051,-21.265586,604.568029
483.611327,-87.836754,374.672895
354.057546,-47.298190,541.282327
357.288706,-48.109665,538.767034
234.000068,-10.043630,625.004227
344.276336,-44.487109,549.934680
338.747222,-42.956127,555.215184
239.020284,-12.032593,621.962476
332.653476,-40.822283,560.306050
322.904579,-38.175981,567.424690
518.744832,-98.245367,299.226723
417.221123,-67.296693,473.584209
540.135486,-105.060765,238.606657
459.321929,-79.738484,415.114232
576.133473,-116.007226,27.075826
389.816896,-58.763991,505.074574
371.653120,-53.179864,525.377894
439.011334,-74.004800,445.983288
531.606428,-102.334706,265.800945
525.397541,-100.449441,282.612288
236.030577,-11.016951,623.008565
412.374386,-65.155368,479.549691
267.834758,-20.979162,605.120498
575.037152,-115.990256,41.618868
305.112245,-32.701395,580.939752
353.904927,-47.273992,541.402413
424.109992,-69.579944,464.207424
454.408916,-78.695000,423.662111
233.957954,-11.003119,624.029726
419.404001,-67.639921,471.047425
576.010807,-116.006733,-26.302669
487.809084,-88.954048,367.391449
235.676952,-11.029035,623.368645
514.403286,-96.786255,310.547566
392.973268,-59.992116,502.026179
498.838729,-92.226345,344.231744
571.603891,-114.673203,-91.603223
575.313273,-116.096087,-47.043009
439.529682,-74.205732,445.228292
576.124466,-116.007330,30.756481
558.830492,-110.957357,167.564913
559.723889,-111.127833,-164.479493
550.550853,-107.988262,203.398715
302.029873,-31.749274,583.529014
457.335267,-79.346945,-418.605607
496.071990,-91.341852,350.665888
346.040882,-45.213433,548.577369
513.500359,-97.031776,-310.944698
498.987654,-91.998561,-344.020725
497.091815,-91.707529,348.139928
576.068583,-115.972511,-34.368833
567.159844,-112.906250,125.605526
402.748069,-62.897484,492.309797
513.584306,-96.495030,312.542064
569.750165,-114.047798,105.184264
575.560956,-115.975921,38.851182
372.135921,-53.288625,524.792307
456.303208,-79.053456,420.465738
539.138222,-104.582755,242.180270
457.203608,-79.217527,418.857420
572.907864,-115.033889,69.078457
499.418679,-92.369852,343.073923
552.552999,-108.441186,195.477176
359.163709,-49.033759,537.106465
574.919272,-115.864308,51.291086
573.082391,-114.977160,-81.792673
558.555004,-110.859407,168.490439
545.911663,-106.415648,219.663291
539.781445,-104.898878,-242.980070
276.083465,-23.645563,600.566995
241.500390,-12.915909,620.850763
574.054766,-114.957873,-62.606812
577.087226,-115.999880,-6.887348
569.289612,-114.108523,107.060472
543.556978,-106.018633,-229.941327
472.083265,-84.019321,393.849804
387.784292,-57.924779,507.262467
510.682556,-95.662589,318.636935
574.966136,-116.016627,42.560168
573.132518,-115.007115,-69.035057
570.662303,-113.869880,99.291100
546.170403,-106.565960,218.649034
573.056465,-114.980572,79.904156
455.000000,-79.000000,-422.000000
556.342872,-109.995530,180.871286
512.539864,-96.697646,-314.053855
429.324725,-70.917018,458.665053
577.065686,-115.999910,-7.904129
575.947972,-115.998099,-21.132511
482.302710,-87.047901,-376.769770
455.000000,-79.000000,-422.000000
572.989960,-115.003745,65.174718
572.969651,-115.009359,-83.293391
473.763049,-84.950327,-390.536383
466.654923,-82.303585,-403.954368
455.000000,-79.000000,-422.000000
576.028565,-116.001801,34.446731
559.162111,-111.060459,-166.317321
547.472676,-107.204039,214.775829
537.472422,-103.952535,-250.264047
455.000000,-79.000000,-422.000000
455.000001,-79.000000,-421.999999
542.122821,-105.584456,-234.186659
550.835324,-107.936799,-200.569545
566.993036,-112.896032,-121.217493
272.759696,-22.614020,602.941778
458.057547,-80.096443,-417.722850
576.121402,-116.007186,31.010584
556.346761,-109.920636,-176.703527
506.764569,-94.904491,-327.478596
513.611562,-96.504471,312.478217
484.649722,-87.400814,-372.837747
567.033183,-113.091097,-119.435893
467.584287,-82.803348,-402.615550
483.810278,-87.922866,374.326812
575.620066,-115.978318,38.524979
455.000000,-79.000000,-422.000000
443.603452,-75.106652,438.928297
473.291825,-84.770561,-391.738218
374.457429,-53.836128,521.628202
505.398885,-94.136055,-330.186738
575.932880,-115.999473,-16.942800
455.016515,-78.999977,-421.981857
533.844026,-102.758472,258.536233
455.000000,-79.000000,-422.000000
456.665217,-79.029019,-419.995867
455.000000,-79.000000,-422.000000
455.000000,-79.000000,-422.000000
576.014849,-116.005425,-25.570372
458.031728,-80.039684,-417.927055
461.713619,-80.880286,-412.305034
513.041203,-97.006765,-311.894877
455.000000,-79.000000,-422.000000
457.221566,-79.235719,-418.706580
462.859928,-80.863779,-409.490384
494.395992,-90.606957,-354.224009
503.002974,-94.000689,-335.988287
455.000000,-79.000000,-422.000000
518.178971,-98.136907,-301.499008
462.839511,-80.869213,-409.348948
455.000000,-79.000000,-422.000000
455.000000,-79.000000,-422.000000
456.993703,-78.899918,-419.615047
575.595165,-116.102009,-43.697873
456.952397,-78.924550,-419.193528
570.698164,-113.870836,98.947492
454.959476,-79.000057,-422.044521
463.437845,-81.264318,-408.536905
465.342400,-82.040518,-406.482264
556.371280,-109.988896,180.571390
505.431287,-94.150338,-330.121532
455.000000,-79.000000,-422.000000
459.412243,-79.912758,-415.134923
455.000000,-79.000000,-422.000000
544.349602,-106.433224,-224.321399
521.832959,-98.954617,-292.496202
455.000000,-79.000000,-422.000000
457.039254,-78.949281,-419.864650
566.852686,-113.069900,-127.362694
577.000193,-116.000000,-2.104070
455.000000,-79.000000,-422.000000
522.621971,-99.652635,-289.565664
562.021037,-111.191693,-154.748106
455.000000,-79.000000,-422.000000
455.000000,-79.000000,-422.000000
455.873993,-78.993464,-420.591640
455.000000,-79.000000,-422.000000
455.000000,-79.000000,-422.000000
455.000000,-79.000000,-422.000000
455.000000,-79.000000,-422.000000
546.807639,-106.972058,-216.416338
455.000000,-79.000000,-422.000000
455.000000,-79.000000,-422.000000
455.000000,-79.000000,-422.000000
455.000000,-79.000000,-422.000000
533.673565,-102.939433,-259.521729
455.000000,-79.000000,-422.000000
455.000000,-79.000000,-422.000000
455.000000,-79.000000,-422.000000
455.000000,-79.000000,-422.000000
455.000000,-79.000000,-422.000000
457.938193,-79.932423,-418.091481
512.704332,-96.885667,-313.024761
555.850150,-109.891195,-184.679825
473.745642,-84.945496,-390.577990
455.000000,-79.000000,-422.000000
455.000000,-79.000000,-422.000000
455.000000,-79.000000,-422.000000
455.000000,-79.000000,-422.000000
455.000693,-78.999999,-421.999239
