444.000000,-75.000000,-438.000000
444.000000,-75.000000,-438.000000
444.000000,-75.000000,-438.000000
444.000000,-75.000000,-438.000000
444.000000,-75.000000,-438.000000
444.000000,-75.000000,-438.000000
444.000000,-75.000000,-438.000000
444.000000,-75.000000,-438.000000
444.000000,-75.000000,-438.000000
444.000000,-75.000000,-438.000000
443.999999,-75.000000,-438.000000
443.999997,-75.000000,-437.999999
443.999992,-74.999999,-437.999998
444.000146,-75.000011,-438.000043
443.994141,-74.999570,-437.998275
444.002018,-75.000148,-438.000594
444.001719,-75.000126,-438.000506
444.001859,-75.000136,-438.000547
444.891397,-75.319828,-436.971798
445.081423,-74.902875,-437.188029
445.008480,-76.007142,-436.994051
445.309245,-76.104765,-436.729906
445.979140,-75.978856,-435.992644
444.863514,-75.529691,-437.011665
446.028473,-75.988337,-435.964522
446.951265,-75.968861,-433.839442
449.637516,-76.897262,-429.625872
450.382426,-76.879492,-429.350012
446.978798,-75.977932,-433.032027
455.830348,-79.420132,-420.457017
451.645120,-77.409796,-428.177193
448.621914,-77.091515,-430.532465
451.927554,-78.021865,-426.101752
463.583448,-81.308935,-407.949702
447.220243,-76.240791,-432.784659
452.124299,-77.973955,-425.851849
472.241513,-84.001651,-394.718124
465.958587,-82.047741,-404.706239
467.977642,-82.421577,-400.913548
451.857816,-78.056090,-426.236254
454.861490,-78.897905,-422.285891
481.107568,-87.005616,-378.822931
466.031426,-82.040780,-404.601389
483.421922,-86.950368,-375.099999
481.012535,-87.000848,-378.979133
508.386298,-95.135292,-323.150821
472.290526,-83.997519,-394.660682
490.359712,-89.754087,-360.347192
483.920607,-86.988078,-374.162509
489.063631,-89.027033,-363.865635
495.884489,-91.439566,-351.143572
506.653171,-94.318374,-328.071799
517.807640,-97.905620,-300.448648
521.856713,-99.447869,-292.903773
480.390731,-86.839778,-380.140524
496.020398,-91.528343,-350.780438
489.069560,-89.029618,-363.852851
509.763493,-95.552252,-320.526417
522.030049,-99.552894,-292.374521
517.186764,-97.524591,-302.285637
518.348818,-98.142891,-299.303086
523.193775,-100.020971,-288.337846
527.472394,-100.969884,-276.855734
541.859385,-104.943304,-233.455942
554.307462,-108.926937,-190.073118
545.601822,-106.736848,-220.452812
505.254694,-93.731321,-331.703341
521.858407,-99.448888,-292.898774
533.761805,-103.053112,-258.395876
536.884186,-104.033910,-249.719025
561.624590,-110.903545,-156.376423
549.063065,-107.028703,-209.828063
551.000246,-107.990270,-201.097378
557.003428,-109.998832,-176.985001
559.710377,-111.055557,-164.356422
544.897524,-105.958894,-224.647672
551.000184,-108.003695,-200.966047
545.919452,-106.962782,-219.256102
521.843659,-99.440034,-292.942170
551.152272,-108.017201,-203.264787
535.171644,-103.651519,-253.941253
556.262766,-110.111007,-180.638071
558.517699,-110.531607,-170.529797
565.240547,-112.219398,-134.934878
556.804166,-110.064023,-177.896815
551.306081,-108.507298,-198.461706
563.892907,-112.009637,-141.485708
562.033869,-111.132396,-153.287219
572.451364,-114.365757,-85.519590
564.987731,-111.992233,-136.057511
559.595616,-111.078082,-164.921339
560.770725,-111.012300,-159.886471
574.646106,-114.892073,-51.909058
551.010595,-108.052561,-200.599340
561.794652,-110.899334,-155.504120
572.993658,-114.981551,-77.199213
562.815103,-112.026290,-145.724168
558.449147,-110.450693,-170.877982
562.559020,-112.070919,-146.784293
567.516846,-112.905281,-120.540684
575.231317,-116.102953,-42.250158
566.447821,-113.102594,-130.216377
557.335355,-109.898755,-175.627817
568.614858,-114.070128,-109.607657
566.056430,-113.027106,-131.784556
575.914993,-115.999149,-16.302707
576.955612,-116.000061,2.295119
574.569202,-114.894257,-52.210275
571.299985,-113.949300,96.150360
571.796907,-113.916365,-89.689326
570.743293,-114.030386,-99.782104
576.001192,-115.999698,-37.988902
575.436976,-116.103551,-41.190177
563.414330,-111.993309,-143.424667
572.982424,-114.977259,-83.135471
576.545217,-116.000492,-10.180483
575.994252,-116.007584,-29.890839
575.991621,-116.003058,29.508359
571.945673,-113.947761,91.740731
564.927027,-112.477816,136.555927
575.958648,-115.999717,-14.796361
576.009194,-116.001631,-27.044001
566.920138,-113.072532,127.504567
576.951609,-116.000066,0.064155
549.290116,-107.654071,211.003557
561.229128,-111.546026,156.181747
557.075850,-110.022199,176.690420
570.878243,-114.010481,98.893821
575.328367,-116.107662,40.395241
575.911710,-115.998009,-20.379774
517.085173,-97.748788,305.919558
553.964783,-108.994052,192.088502
577.107016,-115.999853,6.939465
559.267411,-110.162606,168.117887
571.962480,-113.959748,91.541896
567.009696,-112.981521,125.629691
574.393522,-114.912030,-52.889035
573.939650,-115.034320,57.980119
526.532062,-100.089085,280.691901
536.233282,-103.999036,251.285694
563.801328,-111.944483,141.324896
521.900457,-99.768683,291.265670
571.639340,-113.900822,94.141583
509.987671,-95.729884,320.141420
548.507933,-107.240694,213.659842
559.295346,-110.199894,167.826009
563.531458,-111.995779,144.214655
567.516726,-113.722694,114.194553
573.112246,-114.986675,76.001114
432.541302,-71.239667,454.717297
557.317052,-110.059290,175.799452
493.361797,-90.570195,355.627440
557.768448,-110.057936,174.313908
447.290055,-76.043666,433.557182
569.877224,-114.011009,105.529753
470.329533,-83.612075,398.388949
481.056148,-86.291119,379.886356
570.414631,-113.991370,102.651625
472.062206,-84.017981,394.860538
502.903669,-93.601986,335.801372
486.183268,-87.835337,369.313174
468.087160,-83.027635,401.886810
476.823987,-85.381955,386.505665
508.002019,-95.253494,324.016311
429.645982,-70.818675,458.730847
464.861246,-81.809393,405.559715
483.156672,-87.051667,374.658417
490.006999,-88.627927,362.899300
324.914249,-38.359344,566.094274
495.705210,-91.692449,349.736616
314.671892,-35.266037,573.477479
526.791696,-100.149958,280.048596
562.260220,-111.850929,151.614293
467.413188,-82.803593,402.724523
408.714308,-63.917656,484.334298
418.707208,-67.104998,473.098705
445.657995,-75.781407,436.100311
389.409679,-58.612962,506.046982
468.914703,-83.269486,400.729451
504.438495,-94.163791,331.876165
374.970133,-53.993183,522.036547
486.064428,-87.809914,369.504595
466.740164,-82.560086,403.497956
400.248927,-62.069607,493.722623
329.463496,-39.496696,562.163689
400.437542,-62.119966,493.513180
433.073255,-71.370073,453.881534
279.335680,-25.029589,598.717565
355.778512,-48.544875,539.657993
328.743246,-39.341517,562.673234
376.934149,-54.490889,519.513422
354.478112,-48.179171,540.614426
429.874717,-70.851636,458.448734
354.734633,-48.263886,540.417190
424.076476,-69.124522,465.230634
430.548198,-70.942478,457.596893
397.843969,-61.151087,496.496016
295.292921,-29.428404,588.137243
281.049119,-24.971573,597.538113
307.596899,-33.932290,579.249060
392.267753,-59.038681,503.743137
302.846007,-32.256873,582.459431
300.709704,-31.607585,583.797667
373.753738,-53.734372,523.432713
338.451237,-43.092119,554.669732
373.463999,-53.673199,523.738449
267.875312,-21.315635,605.638782
295.151142,-29.384088,588.225706
242.550335,-12.868674,620.036741
358.371578,-49.083298,537.681291
332.234085,-40.778787,559.811533
315.063427,-35.409600,573.216344
247.942331,-15.012645,617.012143
297.649572,-30.296266,586.407126
284.850538,-26.603232,595.054036
237.391771,-11.693157,623.123935
353.845704,-47.935686,541.130284
233.999964,-10.971655,624.975663
258.793677,-17.952802,611.164845
262.118541,-19.031766,608.912374
276.716062,-23.387073,600.477073
236.471964,-11.374737,623.599830
433.882392,-71.613596,452.639104
234.000000,-10.003066,625.000000
261.181261,-19.050835,609.870651
261.597213,-19.020060,609.425122
238.407216,-12.029087,621.972065
241.639527,-13.115367,620.371953
248.613949,-14.864284,617.008494
272.287516,-22.216873,603.497605
245.152366,-14.032331,618.937850
234.877791,-11.014787,623.982061
247.558086,-15.083268,617.131915
323.811456,-37.926358,567.159057
255.040804,-16.989784,613.988967
265.046936,-20.580912,607.548529
270.321882,-22.037987,604.908784
353.111565,-47.592190,541.788010
244.848525,-13.928295,619.084421
285.777147,-26.962608,594.151420
237.393345,-11.965882,622.504532
291.311473,-27.674355,591.600015
234.000054,-11.005680,625.036012
240.429364,-12.417429,620.984020
302.639517,-32.193404,582.593504
258.427783,-18.015290,611.605818
278.486645,-24.612589,599.612735
250.845737,-15.826426,615.127600
233.906710,-10.999549,624.006872
234.997092,-11.000442,623.999481
249.599614,-15.787035,616.328038
244.652411,-14.103858,619.030961
234.000095,-11.007373,625.063455
245.019656,-14.073809,618.951464
237.652133,-11.976239,622.241000
245.118893,-13.993738,618.969715
239.064568,-11.947260,622.091188
252.446225,-16.879517,614.236863
269.030820,-21.270466,604.563784
235.937202,-11.016410,623.094613
237.051012,-11.983552,622.929328
242.260879,-12.888808,619.965169
236.987033,-12.007781,623.018427
234.020789,-11.000139,623.991009
235.006166,-10.999815,624.002534
245.088327,-13.973950,618.989876
247.039166,-14.609347,617.406129
236.016294,-10.979475,622.939882
289.595326,-28.211771,591.472662
237.993415,-11.999493,622.002839
238.549771,-12.003411,621.880405
322.175700,-38.033425,567.885177
234.000010,-11.072517,625.007560
238.514385,-12.033292,621.997469
234.000001,-11.047244,625.001145
282.925813,-25.255511,596.595349
316.656599,-36.344949,572.021061
277.599235,-24.320902,599.665349
234.390913,-11.001600,623.977730
238.807574,-12.011476,621.927805
293.520167,-29.380204,589.355455
245.667626,-13.880391,618.320928
446.315602,-75.767037,434.044879
293.951317,-29.482436,589.167221
234.028166,-11.000155,623.994319
477.999844,-85.401831,384.049701
295.152424,-29.773194,588.565042
305.814215,-32.940586,580.182286
297.745643,-30.589946,586.183427
259.727372,-18.348678,610.616162
295.712231,-29.919389,588.212289
338.997893,-42.999633,555.001843
234.000125,-11.007696,625.083811
233.999976,-10.999718,624.983980
236.927721,-11.892447,623.087375
233.994445,-11.103112,624.543451
233.888961,-10.999459,624.009113
339.153769,-43.026894,554.863239
253.584312,-17.013002,613.752623
344.822044,-44.708459,549.508586
409.132433,-64.301092,483.317321
512.036762,-96.010182,315.924379
241.902051,-13.040637,620.078662
233.999415,-10.999964,624.006590
235.942749,-10.916368,622.870389
426.233002,-70.393505,461.619141
546.282909,-106.630083,218.239566
441.331103,-74.695034,442.631799
577.047441,-115.999935,-8.304823
550.522355,-107.995774,203.773633
295.018124,-29.739567,588.640880
267.693260,-20.968917,605.241455
342.844084,-43.945136,551.140814
339.284036,-43.049902,554.743984
283.935867,-26.271116,596.488914
289.649537,-28.231339,591.427937
250.072165,-15.019198,615.943453
338.449287,-42.904227,555.455374
444.055329,-75.192139,438.092553
371.520409,-53.146330,525.518870
442.933292,-74.988500,440.114067
265.460076,-20.883951,607.248199
320.604360,-37.739588,568.976959
258.244417,-17.977282,611.216203
464.626650,-82.203555,406.957946
436.101160,-72.487326,450.406952
358.385852,-48.613671,537.834358
374.279421,-53.784697,521.843458
412.802996,-65.359903,479.022116
509.318360,-95.334284,321.324359
524.472848,-100.152118,284.814419
468.944475,-83.310772,399.462271
491.775979,-90.210927,358.554861
332.287588,-40.626264,560.690763
309.865709,-33.973063,577.094714
451.493125,-77.810712,427.601815
255.306586,-17.344503,612.636154
305.667966,-32.892558,580.331837
573.104859,-114.973212,-80.962320
307.060765,-33.309666,579.092980
329.861283,-39.601043,563.014613
508.746911,-95.193841,322.466544
294.314624,-29.568742,589.000011
536.519975,-103.410916,250.932802
522.918746,-99.645051,288.876728
359.075232,-48.984382,537.192929
287.953215,-27.649330,593.040529
289.724148,-28.258287,591.367341
476.134319,-85.027917,386.794504
438.810482,-73.917043,446.280982
544.916707,-105.985976,224.425869
365.368095,-51.107017,529.701826
306.162138,-33.050378,579.848071
272.913803,-22.663655,602.826448
500.863524,-92.714410,340.263100
372.537502,-53.368619,524.231162
539.136528,-104.581886,242.187601
566.231848,-113.099716,-130.744790
529.209889,-101.793703,273.408495
392.033911,-59.678263,502.935202
340.499965,-43.285999,553.521300
557.438249,-110.237708,172.709741
571.065353,-114.059447,95.425429
512.478317,-96.137360,315.001700
419.507652,-67.657347,470.922018
532.581428,-102.821650,-264.099288
510.864527,-95.707072,318.278006
509.774106,-95.444021,320.423800
561.090995,-111.046311,158.372640
577.082086,-115.999884,3.086741
559.107385,-111.019258,166.642104
318.503038,-37.195798,570.606267
568.010569,-114.003765,111.954685
556.963622,-109.985924,175.233107
540.913088,-104.974643,-237.284831
469.917083,-83.530716,397.733931
575.994849,-116.004359,-29.264686
556.142494,-110.018640,182.833580
515.065973,-97.023242,308.824713
546.101923,-106.526427,218.907385
567.024364,-112.913330,121.357835
491.581817,-90.160874,358.901433
544.131924,-106.007638,228.142339
562.696204,-112.059388,-145.095832
245.955558,-13.978764,618.036825
574.917452,-115.956190,-50.647696
537.665510,-103.953597,-249.831154
276.680195,-23.864054,600.192637
486.190550,-88.618244,370.332441
574.001574,-114.892598,-59.571707
561.976785,-111.856802,-151.082255
451.735070,-77.902546,427.317584
573.089788,-115.004737,-69.308560
577.080296,-115.999886,1.944095
532.710780,-102.886311,-263.798417
251.135129,-16.130167,614.904507
562.634065,-112.071775,-145.348668
561.593615,-110.888576,-159.005306
456.011394,-79.000375,-421.014714
501.355587,-92.834413,339.298181
480.286479,-86.323160,-379.896125
559.015103,-111.007171,-166.930418
576.135391,-116.007419,27.537827
414.588187,-66.370615,476.744720
459.717401,-79.915167,-414.457429
492.021951,-90.272551,358.125576
558.453505,-110.368328,-170.824110
563.923915,-111.880328,-141.308252
576.399141,-116.000545,-13.144000
556.057866,-110.135063,-181.915717
455.000000,-79.000000,-422.000000
566.380631,-113.124082,-129.997084
576.927858,-116.000098,-9.721748
502.694656,-93.772528,-337.578284
471.957670,-83.974016,-395.086843
454.993344,-79.000009,-422.007312
455.000000,-79.000000,-422.000000
427.995042,-70.736600,459.918621
554.581381,-109.280562,190.367557
547.647415,-107.225403,-214.552221
575.991461,-115.999717,18.696046
536.052662,-104.011299,-252.901740
562.227182,-112.128275,-147.477846
551.120322,-108.053225,-199.641715
467.819184,-82.919643,-402.272539
543.448383,-106.039245,-230.439950
458.727100,-80.011259,-416.316848
567.047912,-112.946698,-124.958578
573.086339,-114.976275,-81.694942
504.661702,-93.946880,-331.708716
575.179180,-116.067700,-48.404429
565.824358,-112.839705,-133.142302
457.979414,-80.011552,-417.068544
505.755080,-94.314180,-329.475445
572.818181,-115.053298,-84.425165
455.000000,-79.000000,-422.000000
552.400153,-108.726062,-196.714466
510.282497,-95.565909,319.423939
543.445297,-106.039665,-230.453176
561.978758,-111.890291,-150.858245
528.157645,-101.055267,-277.583803
533.469788,-102.975151,-260.724986
456.983919,-79.005325,-420.009332
565.766811,-112.769740,-133.553364
455.000000,-79.000000,-422.000000
455.000000,-79.000000,-422.000000
548.759701,-107.869952,-211.729457
571.329289,-114.357030,-93.602249
567.452085,-113.659785,-116.821580
454.999576,-79.000001,-422.000466
541.145710,-105.057148,-236.569960
455.000000,-79.000000,-422.000000
519.027269,-98.681059,-299.313457
455.000000,-79.000000,-422.000000
455.000000,-79.000000,-422.000000
502.635316,-93.684038,-337.939383
455.000000,-79.000000,-422.000000
533.794083,-102.944911,-258.896163
572.958647,-115.014972,71.652485
455.000000,-79.000000,-422.000000
457.925698,-79.919414,-418.106633
455.000000,-79.000000,-422.000000
464.377004,-81.753131,-407.657717
455.000000,-79.000000,-422.000000
501.900717,-92.936502,-340.172771
458.002349,-80.080177,-417.396929
462.932275,-80.953293,-409.095770
455.000000,-79.000000,-422.000000
454.999811,-79.000000,-422.000208
455.000000,-79.000000,-422.000000
455.000000,-79.000000,-422.000000
469.276771,-82.912253,-399.306826
455.000000,-79.000000,-422.000000
574.935226,-115.888261,51.100303
455.000000,-79.000000,-422.000000
463.279462,-81.172663,-408.691995
455.000000,-79.000000,-422.000000
509.580609,-95.088304,-321.967365
472.531847,-84.335555,-393.762592
484.517145,-87.218940,-373.582495
455.000000,-79.000000,-422.000000
508.135511,-95.003732,-324.639463
460.272067,-80.123889,-413.670052
455.000000,-79.000000,-422.000000
455.000000,-79.000000,-422.000000
455.000000,-79.000000,-422.000000
454.920451,-79.000113,-422.087395
454.999949,-79.000000,-422.000056
455.000000,-79.000000,-422.000000
455.000000,-79.000000,-422.000000
455.000000,-79.000000,-422.000000
465.583852,-81.982153,-405.927026
498.119626,-92.034394,345.737433
519.630613,-98.924062,-297.866578
455.000000,-79.000000,-422.000000
457.037504,-78.970886,-419.931343
455.000000,-79.000000,-422.000000
455.000000,-79.000000,-422.000000
465.740764,-81.955902,-405.536069
455.000000,-79.000000,-422.000000
553.398083,-109.019792,-192.565280
455.000000,-79.000000,-422.000000
455.000000,-79.000000,-422.000000
465.331228,-82.041488,-406.503448
455.000000,-79.000000,-422.000000
