491.000000,-49.000000,-358.000000
491.000000,-49.000000,-358.000000
491.000000,-49.000000,-358.000001
491.000000,-49.000000,-358.000003
491.000000,-49.000000,-357.999997
491.000000,-49.000000,-358.000042
491.000001,-49.000001,-357.999851
491.000000,-49.000000,-357.999910
490.999998,-48.999998,-358.000486
491.000042,-49.000058,-357.987844
490.999681,-48.999556,-358.092771
490.999941,-48.999918,-358.017073
490.999526,-48.999340,-356.980626
491.077780,-49.107224,-355.935794
492.344999,-50.100614,-354.693192
490.999503,-48.999308,-356.000337
490.994536,-48.992394,-357.041403
494.975352,-49.983276,-349.053433
493.022683,-49.985994,-353.925365
490.934201,-48.908403,-355.957353
492.970295,-49.976873,-353.386524
495.097923,-50.106732,-348.785951
494.429192,-49.942946,-350.182352
493.052056,-50.008404,-352.825580
493.612633,-50.024698,-351.692781
503.370047,-52.983018,-330.354481
507.267196,-54.133662,-323.353108
507.957118,-54.512686,-321.209546
512.416594,-56.211749,-310.857285
523.543031,-59.196753,-279.385359
515.060808,-56.902424,-301.890371
557.197424,-70.068944,-138.490981
507.140939,-54.069332,-323.671714
544.285121,-65.759958,-208.867263
547.648311,-66.887430,-195.366698
539.412952,-64.136176,-228.398266
513.109568,-56.629891,-308.460192
552.547046,-68.789396,-169.558486
553.434442,-69.180826,-165.019439
551.176960,-68.076748,-179.874422
529.831098,-61.220024,-259.746010
560.935632,-71.036697,-120.417542
554.112983,-69.437860,-162.318906
564.589073,-72.631403,16.131258
550.327349,-67.745666,-184.552560
564.347529,-72.173149,-77.462707
565.982840,-73.005610,-51.451011
560.823455,-71.042488,-121.021541
562.425614,-72.098793,51.024645
562.025703,-71.179273,-107.680484
556.224094,-69.983779,92.758128
552.222383,-69.108408,115.678728
565.004481,-73.002475,9.940884
566.035245,-72.988435,-37.646241
555.287924,-70.029523,100.189874
566.081779,-72.972712,-8.025001
538.030644,-63.609614,180.627386
554.796782,-69.672572,-159.704547
564.419623,-72.237395,-76.514393
566.021050,-72.992994,-18.229298
513.362775,-55.803625,253.765782
566.080525,-72.973130,-7.885666
531.850077,-61.917983,202.633865
565.296578,-73.096946,6.346516
564.105107,-72.082750,24.296122
565.029610,-73.020597,-65.528115
534.018623,-62.779235,192.600996
555.005882,-70.000831,101.965407
518.726346,-57.894689,240.706802
498.121109,-50.438704,292.586134
463.737063,-40.219276,359.870989
525.953497,-59.467515,220.277889
551.468664,-68.696547,120.920174
504.945194,-52.972473,276.129748
448.841542,-34.589947,384.977581
458.450265,-38.157256,368.247642
549.770145,-67.942638,133.127463
480.821191,-44.944772,327.404331
475.128422,-43.296040,339.466503
506.187963,-53.563331,273.239778
477.306849,-44.096000,335.381749
448.196951,-34.418711,386.081916
438.973144,-31.770055,400.568001
384.175169,-15.034529,476.808783
390.707333,-17.013554,466.951888
470.345587,-41.460866,348.303609
517.278388,-57.301763,244.191166
468.973519,-41.158445,351.133129
562.088183,-72.031234,55.910627
406.036382,-21.018382,447.942881
452.097359,-36.072582,379.362440
430.006420,-29.235901,414.540672
386.396238,-15.389555,472.416804
506.810503,-53.836171,271.808247
397.669435,-18.859403,457.551745
534.072582,-62.792553,192.378826
429.176748,-29.038830,415.739249
380.809252,-12.898981,482.201772
381.123081,-13.215208,485.159790
440.802432,-32.369732,430.041414
380.761169,-12.904792,484.737798
429.599173,-29.136464,415.125012
498.348667,-50.478020,292.100056
431.855299,-29.716904,411.849697
386.475059,-14.991015,481.581739
449.045630,-34.651706,384.629334
404.507893,-20.481471,450.127381
429.710219,-29.198978,443.116334
381.142950,-13.526696,485.209520
423.112978,-27.059660,424.355714
389.979151,-16.997249,468.024407
380.814992,-14.095855,484.242789
431.798530,-29.933717,440.276997
389.675471,-16.928861,479.218879
403.444123,-20.129730,468.593734
548.709681,-66.269424,229.117180
381.041636,-13.077418,481.921675
530.398437,-61.148188,280.060268
387.111361,-16.067871,470.849135
400.342569,-20.031032,470.747549
470.309423,-41.567974,392.171855
393.547189,-17.468983,475.876726
470.787308,-41.823822,391.455844
436.538577,-31.102820,434.439526
474.482378,-43.516328,385.715493
415.837838,-24.472288,456.754083
431.165913,-29.712049,441.152692
476.001666,-43.838794,383.449037
432.170110,-30.054097,439.767275
394.706561,-17.898530,475.173455
424.519707,-27.806491,448.359722
386.553203,-15.609526,471.874193
541.230701,-64.063817,251.342485
390.860595,-16.997707,466.675288
381.036952,-13.558529,481.569134
409.961215,-23.359567,441.668660
436.201551,-31.039044,434.786358
538.129916,-63.041011,261.631521
420.809232,-25.907612,451.209759
495.275975,-49.259599,352.812417
500.718622,-51.445678,342.357359
524.540131,-58.387105,294.783260
560.628800,-69.829206,189.885513
393.114850,-17.312096,476.157682
403.624632,-20.222226,468.398615
440.595934,-32.268344,430.296140
430.030900,-29.303534,442.698635
470.082904,-41.453190,392.503631
379.996946,-13.000826,483.997556
466.991696,-40.615385,396.395901
513.846691,-55.937178,316.328400
391.942933,-16.991258,477.050914
537.082528,-62.731410,264.306542
543.499213,-64.621860,245.728439
517.399782,-56.889640,308.137888
545.057769,-65.015808,241.844479
434.395443,-30.653840,436.861025
531.213437,-61.403397,278.034440
534.585605,-62.121958,269.687963
455.172369,-36.716331,412.214343
581.502323,-77.068548,69.337487
584.003283,-77.984296,-5.345343
577.119103,-75.049234,106.897814
567.969059,-72.991587,-155.264719
583.992181,-78.037210,-14.886164
564.935475,-71.640440,170.026496
584.005706,-77.971572,12.235217
571.453792,-74.024569,140.758683
483.422227,-46.296366,371.630269
582.346732,-77.003647,57.569318
559.385762,-69.404991,194.553801
510.302660,-54.815770,-322.334003
568.679644,-72.981976,-150.829282
561.444177,-70.238788,185.361750
471.509248,-42.227632,390.343151
584.002862,-77.986372,-12.037689
538.565777,-63.255456,-259.016315
583.997835,-78.010632,4.492499
514.773024,-56.228166,-312.402213
567.344299,-72.291731,-162.088937
562.152698,-71.010257,-181.162097
560.993349,-70.548044,-186.837869
583.998290,-78.008256,-1.325493
511.229241,-55.067207,-320.517780
583.998844,-78.005698,5.844343
583.995156,-78.024202,19.329864
579.565437,-76.637156,84.979248
551.607144,-67.877083,-219.816069
584.053164,-77.716976,-27.425144
567.574158,-72.589694,-159.960872
494.000000,-50.000000,-352.000000
572.994889,-73.998117,-127.036951
573.817927,-74.425497,126.246508
494.000000,-50.000000,-352.000000
512.101120,-55.366963,-318.407550
498.125124,-51.277218,-345.475289
580.402307,-76.398329,-73.066834
437.077395,-31.203982,433.906736
536.921300,-62.685737,-263.482711
576.103052,-75.036322,113.924017
550.153552,-67.058631,-226.530454
544.218576,-65.079722,-243.337564
568.384068,-73.177058,153.319536
517.029758,-56.868310,-307.910329
569.576866,-73.644613,148.711023
584.001502,-77.992800,-4.110423
537.190393,-62.755050,-262.930982
547.182333,-65.693412,235.130615
554.246559,-67.891102,-212.247274
494.000000,-50.000000,-352.000000
565.130773,-71.233628,-169.721596
513.460987,-55.833558,-315.162295
494.000000,-50.000000,-352.000000
571.774623,-74.009027,138.962599
550.346225,-67.140503,-225.887097
494.000000,-50.000000,-352.000000
