491.000000,-49.000000,-358.000000
491.000000,-49.000000,-358.000001
491.000000,-49.000000,-358.000000
491.000000,-49.000000,-357.999989
491.000000,-49.000000,-357.999989
491.000000,-49.000000,-357.999961
491.000000,-49.000001,-357.999873
491.000007,-49.000010,-357.997904
491.000007,-49.000010,-357.997885
491.000056,-49.000078,-357.983659
491.000106,-49.000148,-357.969029
491.000082,-49.000114,-357.976284
491.001405,-49.001956,-357.220094
491.015758,-49.021936,-356.140978
490.995105,-48.993186,-356.995713
490.979091,-48.970892,-356.012699
490.938528,-48.914426,-355.951097
493.016263,-49.966855,-353.677403
493.519600,-50.026464,-351.859695
495.077734,-50.079348,-348.830101
495.106905,-50.119654,-348.766358
493.248841,-50.022790,-352.371218
499.330365,-52.019294,-340.162729
499.986794,-51.994133,-338.030922
493.665378,-50.023030,-351.598874
501.404943,-52.769489,-335.274858
515.663888,-56.865182,-300.356157
508.231022,-54.661114,-320.262652
514.349558,-56.995907,-303.859776
500.197027,-52.100508,-337.577865
531.948428,-61.731155,-254.000001
511.374419,-55.749784,-313.386739
525.485346,-59.834321,-272.841891
526.921540,-60.324686,-267.990606
523.807140,-59.289847,-278.572399
523.668280,-59.241134,-279.002342
528.284655,-60.787033,-263.985470
550.599438,-67.843365,-183.217503
530.953325,-61.493010,-256.722368
532.235151,-61.801629,-253.199046
547.983833,-66.994869,-194.062435
565.233756,-73.100507,-62.623701
554.617623,-69.613423,-160.396737
554.027913,-69.407003,-162.645057
565.084253,-73.040538,8.915499
556.421598,-70.003796,-149.335208
566.098711,-72.967664,-45.466503
552.446389,-68.738904,-170.216786
565.031098,-73.021551,-65.504897
562.698361,-72.080764,46.316781
564.103192,-72.032382,-80.088999
563.044321,-71.985986,40.270807
563.843199,-71.919730,28.417034
563.215222,-71.934464,37.598188
564.543071,-72.577390,16.889922
565.141077,-73.061436,8.210453
522.746238,-58.961728,228.730844
513.491398,-55.840726,253.397749
540.251469,-64.050907,174.157380
564.170124,-72.144466,23.213096
534.232121,-62.830804,191.739411
547.229828,-67.402732,142.663979
518.391858,-57.761958,241.543259
556.753298,-69.974744,88.634717
521.825996,-58.805819,231.520464
552.388251,-69.183945,114.769692
549.455391,-67.873329,134.526207
461.209546,-39.317826,363.787993
557.532175,-70.106372,83.975595
524.218457,-59.176065,224.700811
502.765873,-51.807431,281.510880
464.928892,-40.501804,358.044749
481.500132,-45.177149,325.905046
407.807821,-22.248159,444.924038
457.316668,-37.801272,370.158922
465.011341,-40.518647,357.917491
508.921445,-54.655536,266.807011
442.779920,-33.265494,395.859809
513.078893,-55.726066,254.597572
406.887789,-21.550418,446.530170
412.039375,-23.813501,439.118657
465.321162,-40.579317,357.437344
433.904591,-30.195773,408.358788
408.202764,-22.532704,444.254111
399.686229,-19.502143,455.152579
479.210046,-44.563942,331.178205
408.686390,-22.836207,443.475524
433.431552,-30.095777,409.233755
466.320720,-40.751570,355.857626
416.510584,-24.886270,433.685927
426.918608,-28.577646,419.191267
445.598178,-33.930876,390.761963
445.701073,-33.948821,390.565550
409.170424,-23.077628,442.751525
380.900613,-12.926762,482.116833
380.411194,-12.906667,482.531394
379.964856,-13.009498,483.973322
387.452285,-16.243767,470.450497
432.828760,-29.960107,410.292660
379.994488,-13.001490,483.995603
397.287422,-18.656751,458.383360
389.245856,-16.852972,468.770733
417.669596,-25.139392,432.013547
410.264409,-22.559582,462.296313
382.838566,-14.445844,478.129634
381.062100,-13.366112,481.707839
391.091880,-16.974377,466.263285
381.000346,-13.780805,481.370405
393.375300,-17.253383,463.660971
383.799615,-14.393916,483.804368
429.862897,-29.200347,414.746041
380.300643,-12.929549,484.274394
380.999125,-13.789255,481.361188
432.859590,-29.967372,410.240459
452.010730,-36.002206,416.984588
383.487219,-14.212667,483.914202
403.225532,-20.049607,468.806718
394.030107,-17.409478,463.063710
396.356474,-18.416681,474.180306
411.564898,-23.248762,460.237990
389.648826,-16.921307,479.234948
391.208270,-16.969515,477.793803
380.997425,-12.997814,484.996978
411.961939,-23.799150,439.209610
450.409413,-35.611031,419.158747
393.430083,-17.425681,475.951320
390.791631,-17.005757,478.252531
383.257997,-14.099524,483.966769
441.335291,-32.645246,429.365973
441.515981,-32.741877,429.132674
424.246315,-27.686214,448.554264
412.367002,-23.529530,459.370419
549.300611,-66.474748,226.844804
409.813340,-22.308453,463.038741
448.117329,-35.026338,421.874980
454.785162,-36.596098,412.790982
510.267951,-54.140058,323.378808
463.209828,-39.752101,401.021752
494.884280,-49.183147,353.474020
461.688006,-39.213202,403.045189
418.142165,-25.034254,454.844620
402.767303,-19.975019,469.177297
470.631175,-41.738592,391.691942
384.278154,-14.687566,483.548896
490.508848,-48.103710,361.206500
558.712482,-69.205577,196.743624
489.743230,-47.952799,362.383949
453.705243,-36.316301,414.429528
577.402974,-75.412664,103.208281
491.877696,-48.441931,358.869884
476.135019,-43.861453,383.253665
525.095485,-58.585335,292.870507
513.812543,-55.922889,316.400534
572.216468,-73.962404,136.206471
511.877101,-54.993817,320.160750
583.977146,-78.108723,-19.866548
570.297977,-73.862106,145.953637
507.747069,-53.140669,330.321390
530.677722,-61.242531,279.379781
544.960426,-64.989250,242.105760
577.168863,-75.085782,106.360617
579.815105,-76.711192,83.127057
537.698580,-62.899491,-261.788377
521.111219,-57.605041,302.217751
531.894195,-61.575553,276.277114
580.638783,-76.673353,-70.718052
531.306917,-61.119062,-276.051680
562.450509,-70.766194,179.555100
576.553625,-74.991714,111.184190
584.022393,-77.890719,-25.550132
569.028296,-72.948504,-149.152339
569.580237,-72.940086,-146.733329
565.516640,-71.828146,167.944231
575.386631,-75.056718,117.930841
495.366816,-49.277431,352.659410
581.703917,-77.056574,-59.267152
560.416859,-70.223215,-189.274156
581.932620,-77.010030,-56.736331
562.552038,-70.992483,-179.021911
498.113017,-50.048619,347.777094
561.218214,-70.677133,-185.853341
537.360550,-62.801024,-262.566182
567.998141,-72.999555,-155.015496
584.006557,-77.967109,29.525735
561.972021,-70.996212,-182.152259
502.513342,-52.465395,-337.707929
574.355943,-74.760356,-119.765022
573.074649,-74.024947,130.531085
494.000000,-50.000000,-352.000000
580.909390,-76.937141,-67.951776
583.779296,-76.898368,43.410810
513.199558,-55.749660,-315.746927
575.861244,-75.055218,115.310324
583.977145,-78.108729,-19.646732
578.390906,-76.139101,-93.463845
494.000000,-50.000000,-352.000000
580.034152,-76.024884,-76.666346
546.557753,-66.155439,-234.613111
531.221127,-61.085811,-276.316585
501.600391,-52.173964,-339.793211
579.145645,-75.951163,-85.508312
494.000000,-50.000000,-352.000000
583.997344,-78.013006,3.499181
544.079525,-65.027592,-243.768838
494.000000,-50.000000,-352.000000
583.896820,-76.923452,41.851920
541.833557,-64.459100,-248.841040
509.352868,-54.583783,-324.008748
494.000000,-50.000000,-352.000000
522.060785,-58.336235,-297.684962
494.954757,-50.416858,-349.978988
494.000000,-50.000000,-352.000000
532.682437,-61.617787,-272.069221
530.172454,-60.686525,-279.495868
494.000000,-50.000000,-352.000000
494.000000,-50.000000,-352.000000
