438.990158,-55.998692,-413.988881
438.996268,-56.011907,-414.019603
438.970542,-56.001915,-414.023664
439.028439,-56.033309,-414.076696
438.969327,-55.965228,-413.969581
439.066079,-56.018406,-413.950851
438.984194,-56.038172,-413.967780
438.997768,-55.983314,-413.989661
438.958595,-56.042414,-413.988943
438.995194,-55.994766,-414.014633
438.972317,-55.966085,-413.998737
439.039074,-55.983859,-414.005920
439.001043,-56.015944,-413.993618
438.952708,-56.014858,-413.993058
438.996457,-56.032798,-413.993136
439.040151,-55.990743,-413.984147
439.000507,-55.945494,-413.954744
438.946406,-56.022814,-412.932728
439.938307,-56.001814,-413.012559
439.976501,-55.996228,-412.991070
440.020942,-55.942922,-413.030964
439.997264,-57.025789,-411.974855
440.014343,-57.000092,-412.047946
441.012400,-56.999016,-410.975589
441.012646,-56.980767,-410.007498
442.009001,-57.022841,-409.057569
442.024727,-58.006637,-408.015759
442.020360,-57.962690,-407.003199
442.983385,-57.928990,-404.980436
444.042002,-57.972431,-403.976372
445.000680,-58.988371,-401.988857
445.935357,-59.011238,-399.981340
446.994862,-60.004015,-397.980642
447.054027,-59.995947,-395.027106
447.963060,-60.988234,-393.012913
449.992895,-61.056278,-389.988867
451.012680,-62.004061,-387.002154
452.006762,-63.035099,-384.002362
453.048986,-62.963831,-379.983471
455.038561,-63.958592,-376.997838
456.987298,-65.050158,-372.990468
458.015656,-65.995464,-368.009565
459.999384,-67.049701,-364.025573
461.928021,-67.050553,-360.025117
463.007979,-68.055707,-354.988227
465.002028,-69.056322,-349.994438
466.994227,-70.004358,-344.978060
469.038586,-71.026467,-339.026263
469.996055,-71.991226,-334.008879
471.997767,-73.038315,-328.011638
474.021943,-74.010077,-322.019878
474.991634,-74.033567,-315.991374
476.974588,-75.014432,-309.016541
478.959336,-76.006743,-303.047632
479.998126,-76.995867,-295.983079
482.058108,-77.956838,-287.978344
484.995157,-79.020987,-272.989968
487.014357,-79.984847,-264.985315
488.062460,-81.024608,-257.012593
489.991744,-81.975081,-249.022426
490.965202,-81.983902,-239.971995
491.982953,-82.948209,-231.932114
493.011797,-83.045056,-223.027378
494.995307,-83.982783,-205.954138
495.997097,-85.020665,-197.969095
495.984757,-84.976125,-190.001231
495.996455,-84.984781,-182.017617
495.964589,-84.994198,-173.042029
496.019683,-85.047077,-165.008405
495.965999,-84.996769,-156.025036
496.029612,-85.008755,-148.005819
495.982213,-85.086582,-140.036099
495.020813,-85.004791,-132.044624
494.976380,-83.999934,-123.989195
494.018461,-84.035267,-116.966119
493.030907,-83.034449,-109.020978
491.987157,-82.982391,-101.047970
490.976332,-81.986584,-93.981092
490.034312,-81.986405,-86.968803
488.003359,-80.964508,-80.015648
486.075284,-79.994825,-74.010728
485.002942,-78.979456,-66.993128
484.044775,-77.978914,-60.990698
481.988633,-76.995432,-53.973983
479.996628,-76.985905,-47.999018
475.966646,-75.010832,-35.968488
473.957969,-73.965014,-29.953430
472.009843,-73.031024,-25.005184
469.041449,-71.940383,-19.994618
468.016048,-71.002309,-15.000600
465.007632,-70.067083,-9.993100
462.978258,-69.005229,-4.997312
459.999779,-67.981379,-0.983273
458.044499,-65.935835,2.053263
455.000680,-64.962087,6.991526
452.033201,-64.018828,10.965915
449.976470,-62.019087,15.028756
447.001752,-61.001282,17.988489
445.020821,-60.035636,21.988407
442.043170,-58.039652,26.030838
439.029876,-56.994383,30.029158
436.027858,-55.003958,33.009274
433.946178,-53.940748,37.006639
430.984537,-53.006999,39.971764
427.954495,-51.000140,44.022293
424.982966,-50.016376,46.995242
421.962267,-47.925136,50.039643
420.015951,-47.008600,53.001652
416.001332,-46.030890,55.978126
413.959467,-44.001304,59.022815
410.010751,-42.987917,62.027158
407.999778,-40.985940,64.946716
405.008982,-39.937394,67.975522
402.966100,-37.986434,70.003716
400.041015,-36.994902,72.016977
397.921929,-35.976547,75.010092
395.006551,-35.033218,77.010876
392.037012,-33.016628,79.057896
389.952904,-31.966513,80.995454
386.965216,-30.953877,81.978610
385.972406,-29.953162,84.033625
383.987151,-29.075915,86.002845
382.015981,-27.999748,86.998741
380.050150,-26.996814,87.954384
378.996831,-26.979739,89.022930
376.974518,-26.028441,89.992565
375.937761,-24.972749,91.012748
375.034778,-24.970234,92.000079
374.018190,-23.984921,93.019623
372.946848,-23.988760,93.010713
371.976587,-23.004242,93.984617
372.003992,-22.976505,94.003692
370.960097,-23.011374,93.965888
371.046875,-23.035827,94.015050
370.988224,-23.003557,94.031094
370.985873,-22.997479,94.028787
372.059054,-23.000442,94.038409
372.004899,-22.982914,94.008371
373.032818,-23.990239,92.990143
374.018159,-23.919563,92.993890
375.033870,-24.967493,91.990277
375.947145,-25.016433,91.031157
377.011409,-26.044561,89.979573
377.983864,-26.006352,89.991759
380.015184,-27.048369,87.959161
381.003077,-27.979374,86.956577
383.022045,-28.990731,86.021447
387.027382,-30.981464,82.998648
389.995079,-32.053760,80.967352
391.983773,-32.999618,79.056811
394.032157,-34.015934,76.981243
397.001480,-35.994743,74.043935
400.002540,-36.997047,72.021842
402.981395,-39.009087,67.987446
406.038983,-39.965507,65.017722
409.053902,-41.997360,61.964914
412.039197,-42.984724,57.993852
414.984038,-44.977722,54.964482
417.945431,-46.010628,50.968791
420.996390,-47.980027,45.990044
424.984109,-49.964473,41.993759
428.010330,-50.963518,37.028558
430.963250,-53.022763,32.985853
434.049128,-54.008065,28.000645
436.005894,-55.962540,23.002215
439.986282,-56.993042,18.012541
443.030286,-59.011818,12.020352
446.040514,-59.974211,7.023580
449.006190,-62.011126,1.024937
451.993651,-63.019270,-3.072501
453.957743,-64.964834,-8.969066
458.023473,-66.008065,-14.976819
459.982702,-66.957282,-20.976709
462.976008,-68.986438,-27.009715
464.998609,-69.985245,-32.940490
468.000628,-71.007924,-38.978252
469.012845,-72.006986,-44.957351
471.994672,-74.005847,-50.950084
473.968450,-74.990317,-58.008590
476.030665,-76.052314,-62.979866
477.938673,-76.976306,-69.911773
479.959375,-78.049318,-76.011806
482.009547,-79.010337,-81.999458
484.004543,-80.002525,-87.970529
484.977886,-80.011038,-94.022641
486.989085,-80.943893,-100.015038
489.024664,-82.000667,-104.953590
490.957675,-82.974515,-111.006079
491.008104,-83.998275,-116.969316
492.966687,-84.009652,-121.959716
495.042975,-85.048064,-128.008647
496.034144,-85.048285,-134.002846
496.007233,-85.994692,-138.983489
497.983126,-87.046722,-144.928389
499.034639,-86.970092,-151.009438
500.027691,-86.971394,-156.987826
500.960814,-88.009035,-161.944658
501.989125,-88.010292,-168.045920
502.007717,-89.046816,-174.001571
502.013760,-88.966956,-178.979450
503.020990,-89.018838,-184.977912
502.975636,-88.999559,-191.075149
503.993933,-89.998644,-195.964634
503.983976,-89.982858,-201.957673
503.990556,-89.998682,-207.960934
504.029914,-89.975667,-213.003783
503.999156,-90.013693,-218.996287
504.002344,-89.972149,-224.000285
504.000270,-90.014903,-230.009569
504.025959,-90.013948,-235.975286
504.015646,-90.024985,-242.925087
503.003221,-89.005318,-248.018059
503.004785,-88.952762,-253.028123
502.031629,-88.929341,-257.999828
502.009839,-89.039222,-264.016731
501.983605,-87.978855,-269.008765
501.003065,-87.984495,-274.013842
501.111358,-87.025253,-280.017678
500.014019,-86.959017,-285.022118
498.970864,-87.012773,-289.975165
498.011016,-86.031179,-295.017932
496.967222,-85.985246,-299.944732
496.028456,-86.024626,-304.991172
494.966229,-84.961032,-310.042448
493.998058,-84.984677,-315.034760
493.043470,-83.940486,-319.973133
490.967494,-84.006885,-324.997732
490.967336,-83.990547,-329.998890
489.020707,-83.029551,-334.997346
487.985863,-83.007264,-339.013502
486.044750,-81.978842,-343.965912
485.026852,-82.006164,-348.970285
484.023548,-81.006288,-353.022218
482.020443,-80.953995,-358.011013
480.046468,-79.978129,-361.948641
478.961020,-79.972754,-365.976435
476.989102,-80.001952,-370.979885
