439.000000,-56.000000,-414.000000
439.000000,-56.000000,-414.000000
439.000000,-56.000000,-414.000000
439.000000,-56.000000,-414.000000
439.000000,-56.000000,-414.000000
439.000000,-56.000000,-414.000000
439.000000,-56.000000,-414.000000
439.000000,-56.000000,-413.999999
438.999997,-56.000000,-413.999990
438.999978,-56.000000,-413.999916
439.000010,-56.000000,-414.000036
438.999972,-56.000001,-413.999894
439.001431,-55.999972,-414.005377
438.992781,-56.000139,-413.972873
438.994437,-56.000107,-413.979094
439.000155,-55.999997,-414.000584
438.973181,-56.000516,-413.896828
438.999459,-56.000010,-413.997965
439.607791,-55.992300,-412.921398
438.893581,-56.002047,-413.305490
439.985846,-55.982960,-413.014587
440.916563,-56.988194,-411.159990
439.916357,-57.108847,-411.952051
439.919449,-57.033844,-412.026199
441.899680,-58.056205,-407.406955
441.281957,-56.923816,-409.672795
440.036598,-56.653719,-412.324523
441.945284,-58.018878,-407.183183
443.771642,-57.901695,-404.258565
446.668078,-59.587712,-398.979947
444.797036,-58.853174,-402.465940
447.002033,-59.965871,-395.959189
442.547200,-58.008584,-405.745979
444.831165,-58.884015,-402.388180
447.377547,-60.582496,-393.843768
451.927530,-62.969668,-384.276294
448.773627,-61.057352,-391.973879
455.465410,-64.228336,-376.324340
448.141792,-61.034974,-392.817279
457.183078,-65.138769,-372.253039
454.847120,-63.920581,-377.206739
450.031427,-61.005921,-389.935052
458.762095,-66.540558,-366.101208
450.881442,-61.809111,-387.397411
455.755212,-64.364043,-375.858852
469.475703,-71.465987,-336.670553
481.669258,-77.876571,-289.445800
453.167114,-63.053265,-379.626991
475.240749,-74.085911,-314.890719
487.818626,-80.851174,-258.074484
482.369281,-78.129211,-286.254026
468.373238,-70.636004,-341.134210
479.414533,-76.373512,-300.355092
495.467008,-84.391795,-202.620917
469.838937,-71.869580,-334.699544
487.231271,-80.216032,-263.321430
471.847304,-72.924785,-328.407873
483.341835,-78.447464,-281.298555
496.037362,-84.989818,-146.651568
492.906578,-82.986540,-223.851107
483.093545,-78.367795,-282.589444
496.037691,-85.051589,-192.819463
491.712028,-82.741553,-234.157736
487.014367,-80.011761,-264.914777
495.074961,-85.064273,-132.945518
496.046890,-85.064237,-196.473931
470.543971,-72.547051,-22.758030
495.025615,-84.151815,-125.615661
496.054909,-84.985029,-146.081344
496.001822,-85.002489,-190.164098
488.003883,-81.002966,-256.979533
490.610668,-81.970277,-244.412948
496.003176,-85.003406,-175.853853
492.324768,-83.038269,-103.413368
495.992782,-84.990152,-189.210217
492.619696,-82.973325,-105.763211
491.836322,-82.891737,-99.853367
481.261080,-77.085147,-51.734353
487.615315,-80.806879,-78.950428
491.471565,-82.499601,-97.375667
472.990454,-73.428673,-27.070567
474.506127,-74.252793,-31.547204
487.387962,-80.698285,-78.342701
490.233578,-82.024044,-88.252666
461.838677,-68.683366,-3.204850
472.283879,-73.107435,-25.520536
494.972517,-84.507763,-128.147939
464.093603,-69.546845,-7.812190
492.617226,-82.991029,-226.525899
420.481335,-47.109967,52.492014
420.117232,-47.023780,52.888294
444.903511,-59.928427,22.166531
448.700854,-61.432710,16.329861
414.993641,-44.951128,57.515860
408.492402,-41.457360,64.225820
452.233998,-64.154824,10.615821
408.828593,-41.910671,63.598518
463.233687,-69.087829,-5.485610
431.756230,-53.349726,39.255212
492.177927,-83.045221,-102.298806
415.225154,-45.279897,57.070183
413.802980,-43.914997,59.188707
404.776558,-39.853965,68.228839
392.440964,-33.328788,78.605843
430.499822,-52.701200,40.581143
422.911448,-48.710055,48.918597
434.045470,-54.012384,36.931341
414.099157,-44.051332,58.896108
409.057034,-42.218229,63.189795
414.390351,-44.247282,58.544229
434.219848,-54.062283,36.646272
482.042258,-77.005360,-54.134159
374.051252,-24.031149,92.978695
385.095967,-30.090035,84.438960
404.097609,-39.163132,68.984721
406.381086,-40.459115,66.710746
450.639685,-62.546950,13.931490
399.856228,-36.948890,72.157380
449.552401,-61.752913,15.528305
448.327077,-61.325480,16.654987
396.591197,-35.579192,76.135055
399.006743,-36.528396,73.425254
379.968978,-26.991659,88.024291
429.380629,-51.904955,42.088390
377.531293,-26.364054,89.721627
431.128107,-53.067477,39.863804
381.229093,-27.575622,87.329679
391.530299,-32.672615,79.521494
376.916906,-25.930329,90.052330
370.891322,-22.992046,94.007815
386.952496,-30.974976,82.032656
436.736748,-56.263305,21.980121
386.145182,-30.613127,83.631489
380.689237,-27.698798,87.203948
434.283509,-54.081624,36.533490
393.563566,-34.145512,77.816369
377.359514,-26.039977,90.081325
372.193069,-23.291502,93.713123
382.301995,-28.660976,86.427570
404.777801,-39.569634,66.082454
371.732296,-23.030546,93.969990
397.443077,-35.816855,75.541035
402.363957,-38.626535,68.863441
396.425163,-35.693374,74.473694
393.869354,-33.915218,77.138854
389.856844,-31.948150,81.110164
390.556312,-32.238610,80.516646
434.966296,-55.090650,25.241809
470.238739,-72.911272,-47.633717
380.711403,-27.303394,87.574724
382.176152,-28.096316,86.927251
376.341988,-25.279103,90.596545
370.987532,-22.999089,94.000895
477.165988,-76.584100,-66.959513
439.671394,-56.883867,18.471882
405.023101,-39.635583,65.858044
391.946696,-32.973928,79.055944
484.374845,-80.025017,-90.096123
396.450903,-35.708597,74.450785
480.669993,-78.325330,-78.028417
476.979184,-76.491089,-66.267172
382.023239,-28.531374,86.573499
371.142566,-23.010090,93.990087
466.488493,-70.466609,-35.799096
491.073618,-83.270206,-112.382553
480.031113,-78.015207,-76.091815
491.046336,-83.468445,-113.383851
375.489495,-25.043615,91.509988
483.529217,-79.815146,-86.290568
371.052898,-23.003869,93.996199
470.658905,-73.184947,-48.370461
393.619715,-33.763220,77.398595
372.012648,-23.024713,93.975720
453.671360,-64.792343,-8.277697
407.678336,-41.133597,63.462162
495.144486,-85.086716,-309.309963
391.830580,-32.915229,79.179515
401.712451,-38.164337,69.800513
485.016097,-82.010820,-348.899120
430.086026,-52.474637,34.162424
484.223747,-80.035184,-89.129146
482.896806,-79.490893,-84.446112
503.029395,-88.931895,-187.225337
457.024170,-65.823273,-13.441784
468.545962,-71.465165,-42.427719
503.970551,-89.972335,-233.033908
497.509258,-85.871979,-297.444940
458.828188,-66.238991,-17.053071
471.585739,-73.757461,-50.089496
503.227392,-89.252159,-246.673502
503.425140,-89.450410,-245.865608
439.394936,-56.803236,18.841369
501.088060,-88.038239,-273.247870
498.999821,-87.000068,-150.998626
500.465361,-87.501453,-159.386505
423.598563,-49.426428,43.465413
504.007899,-90.007418,-210.265740
501.848706,-87.954264,-166.645307
500.447273,-87.478697,-159.296016
503.998975,-89.999037,-220.869806
503.969319,-89.971177,-233.396789
484.386736,-80.023079,-90.179092
503.998286,-89.998390,-222.698582
492.654971,-83.907086,-320.838896
502.954790,-88.918278,-248.935243
473.339068,-74.696944,-55.454067
495.991535,-84.987308,-133.701480
502.810565,-89.010566,-254.228731
477.000000,-80.000000,-371.000000
503.024977,-88.927104,-187.375769
479.490317,-77.748290,-74.528523
496.983807,-86.635954,-142.119364
477.000000,-80.000000,-371.000000
489.175928,-83.053977,-334.571238
477.000000,-80.000000,-371.000000
503.999106,-89.999161,-217.044540
447.319775,-60.880633,4.236578
477.000000,-80.000000,-371.000000
483.928811,-80.979217,-353.210533
403.158702,-39.074957,67.799968
501.183795,-88.041377,-162.886766
499.207614,-87.103011,-288.883877
502.136143,-88.458964,-266.695233
477.000000,-80.000000,-371.000000
492.496081,-83.884010,-321.187719
493.891009,-84.903891,-315.749759
477.000000,-80.000000,-371.000000
370.910871,-22.993477,94.006409
500.861728,-86.884843,-281.283486
495.997922,-85.998468,-305.010554
477.000000,-80.000000,-371.000000
502.330601,-88.988676,-256.251121
477.000000,-80.000000,-371.000000
502.025532,-88.995816,-179.182102
491.692820,-83.873641,-322.896908
477.000000,-80.000000,-371.000000
477.000000,-80.000000,-371.000000
