439.000000,-56.000000,-414.000000
439.000000,-56.000000,-414.000000
439.000000,-56.000000,-414.000000
439.000000,-56.000000,-414.000000
439.000000,-56.000000,-414.000000
439.000000,-56.000000,-414.000000
439.000000,-56.000000,-414.000001
439.000000,-56.000000,-414.000001
439.000001,-56.000000,-414.000003
438.999983,-56.000000,-413.999937
439.000005,-56.000000,-414.000018
439.000121,-55.999998,-414.000455
439.000147,-55.999997,-414.000551
439.000146,-55.999997,-414.000547
439.014866,-55.999714,-414.055867
438.915418,-56.001627,-413.619744
439.019412,-55.999627,-414.072949
439.260302,-55.995471,-412.901729
440.088838,-56.028742,-412.992803
440.036535,-56.526492,-412.453144
440.356523,-56.965587,-411.754973
440.362514,-56.965485,-411.750077
440.957673,-57.029774,-410.229296
441.031312,-57.008133,-410.896149
441.171257,-56.947950,-409.776744
441.942504,-58.020322,-407.193822
442.715020,-58.013714,-405.440935
442.168124,-57.989225,-406.554300
442.049212,-57.056318,-408.916928
443.306396,-57.940321,-404.657326
455.542804,-64.264883,-376.203890
442.952450,-58.005120,-405.065757
445.024017,-59.010455,-401.944665
452.629576,-62.964778,-381.153809
448.267887,-61.053603,-392.653262
443.547382,-57.895255,-404.452330
461.547521,-66.967672,-361.237159
447.014668,-60.034279,-394.854124
455.964637,-64.461113,-375.494521
451.106422,-62.157214,-386.677980
457.687662,-65.684324,-369.376140
451.084156,-62.125462,-386.743150
464.443320,-68.759574,-351.236404
447.044826,-60.034205,-396.934003
472.694141,-73.366187,-326.145312
463.735138,-68.445513,-352.869386
467.099107,-70.046714,-344.734425
458.229101,-66.188136,-367.305170
470.506659,-72.297068,-332.225153
482.276484,-78.097415,-286.703663
479.395177,-76.352069,-300.509693
470.491332,-72.289294,-332.273800
483.104958,-78.371469,-282.530299
489.091560,-81.659798,-252.668588
480.664741,-77.428792,-293.273896
476.862366,-74.929803,-309.386439
487.276672,-80.265489,-262.911076
490.401970,-82.013832,-246.382070
487.929407,-80.944588,-257.389292
482.923700,-78.312918,-283.466245
492.529563,-83.006205,-227.344404
492.033299,-83.018833,-231.737672
496.107707,-84.970606,-143.916980
494.955207,-84.627215,-128.950048
494.977390,-84.478537,-127.953120
495.420018,-85.113256,-135.629148
492.732206,-82.980534,-225.456566
495.990103,-84.986689,-184.657143
492.225822,-83.046467,-102.658170
489.796663,-81.948329,-249.960899
493.507292,-83.546028,-113.429497
494.499575,-84.028864,-119.862921
496.032348,-84.991185,-146.816160
493.147326,-83.111804,-110.307684
496.112103,-84.969403,-143.513988
496.006044,-84.998821,-161.891904
496.004175,-85.004796,-177.226950
491.395629,-82.406834,-96.858067
482.480573,-77.124338,-55.551470
484.555199,-78.472655,-63.685466
492.123369,-83.038716,-101.894429
484.469325,-78.389284,-63.198751
496.089819,-84.975496,-144.839499
469.480134,-72.208773,-21.052709
468.039076,-71.021191,-15.106536
449.302717,-61.644031,15.780784
496.082065,-84.977614,-145.144706
438.395264,-56.679149,30.596770
479.376351,-76.764153,-46.136556
494.971914,-84.511454,-128.172542
452.534396,-64.315144,10.173760
486.210204,-80.125485,-74.840711
458.127447,-66.100343,1.772902
496.006978,-84.998295,-157.920854
431.801344,-53.367344,39.214225
467.115772,-70.663163,-13.300439
441.912135,-57.960138,26.116578
392.920978,-33.686806,78.241851
387.535953,-31.229865,81.751191
473.157166,-73.516513,-27.498461
425.371140,-50.151690,46.676912
418.002682,-46.644641,54.473012
445.001692,-60.001249,21.997008
437.187859,-55.877388,31.671669
480.217779,-77.060377,-48.647690
398.935085,-36.485883,73.552030
426.774094,-50.560629,45.381215
422.873798,-48.682041,48.957757
436.410671,-55.303367,32.462119
420.522832,-47.121403,52.441164
423.628415,-49.217067,48.218255
410.765257,-43.261213,61.376795
449.502639,-61.729902,15.580402
445.129987,-60.095231,21.762399
445.961696,-60.626872,19.936981
377.491047,-26.339847,89.740796
381.506064,-27.727241,87.208002
414.887017,-44.798746,57.724414
387.742777,-31.304918,81.684232
414.831522,-44.722548,57.830264
372.079691,-23.134670,93.867623
390.864025,-32.309105,80.324904
371.082429,-23.005951,93.994153
372.301358,-23.424585,93.581612
424.552900,-49.778792,47.389057
372.246157,-23.358230,93.647232
371.050721,-23.003709,93.996356
375.348162,-25.034922,91.643658
371.992038,-22.884349,94.113622
397.186718,-35.744387,75.740284
407.592320,-41.069293,63.547373
374.321184,-24.293179,92.777876
384.252801,-29.110488,85.823981
378.213504,-26.719763,89.409478
374.516592,-24.531669,92.570110
378.155442,-26.036101,89.896645
378.590484,-26.189904,89.528986
390.927991,-32.337823,80.254370
393.027236,-33.764731,78.167455
403.854017,-38.854463,69.254116
372.978661,-23.991372,93.009405
389.249636,-31.756478,81.531445
463.559913,-69.353585,-28.565057
434.675610,-54.704171,26.110061
381.338143,-28.206398,86.866602
375.327560,-25.064458,91.663724
438.675334,-56.639746,19.727092
433.760517,-53.859482,28.542203
457.907940,-65.981365,-14.829748
399.358692,-36.731742,72.547716
392.890473,-33.664317,78.263564
434.017271,-54.012052,27.958425
374.138193,-24.100278,92.928741
443.568086,-59.245983,10.980661
487.191774,-81.108872,-100.496506
409.545054,-42.229688,61.296388
431.461064,-53.181640,32.375440
417.484750,-45.803522,51.841820
447.915852,-61.329640,2.970025
372.459873,-23.598269,93.409179
402.939573,-38.969350,68.078041
441.521918,-57.919332,15.185259
381.647869,-28.357835,86.744921
388.041749,-31.390432,82.297178
408.343539,-41.610281,62.765986
481.302626,-78.637348,-79.964925
447.352253,-60.905382,4.166068
484.146476,-80.029285,-88.701548
461.592742,-68.083757,-24.207482
445.376135,-59.746638,8.102851
377.214036,-26.063104,90.022218
442.258054,-58.502834,13.556758
430.599196,-52.794754,33.518869
399.154398,-36.665822,72.690933
493.448629,-84.147723,-123.061261
496.000913,-85.003879,-134.068030
486.881849,-80.932760,-99.694595
482.984002,-79.537828,-84.687489
484.317912,-80.032167,-89.711754
424.115275,-49.655822,42.970692
477.917681,-76.958788,-69.714780
414.556413,-44.744874,55.444962
401.722296,-38.171634,69.786297
463.265312,-69.169922,-27.684229
495.857739,-85.661771,-137.662391
474.468168,-75.225553,-59.335176
371.044213,-23.003233,93.996824
501.830802,-87.954613,-166.513713
503.999724,-89.999740,-219.877359
499.869882,-86.927725,-156.310307
495.631052,-85.615790,-306.882768
481.445717,-78.709820,-80.394398
491.678572,-83.983660,-119.260152
462.860340,-68.910037,-26.676146
496.739510,-86.085627,-301.298425
503.982347,-89.983416,-231.667625
503.999968,-89.999970,-218.705803
437.254688,-56.381134,21.357529
504.008163,-90.007669,-227.644061
458.086690,-66.018419,-15.168232
496.331284,-86.288437,-140.276433
503.977051,-89.978441,-232.169998
479.206066,-77.606300,-73.716205
493.543754,-84.190479,-123.305361
495.120572,-85.069142,-309.425372
430.480652,-52.725950,33.669051
500.675632,-86.862179,-282.283696
485.167044,-82.046986,-347.901854
484.445229,-81.313154,-351.565797
499.430281,-86.877907,-153.849360
477.000000,-80.000000,-371.000000
499.437699,-87.129467,-287.651520
503.998476,-89.998569,-215.985489
500.773168,-86.866235,-281.800191
482.645580,-79.353794,-83.760912
487.325788,-82.658057,-340.717988
477.000000,-80.000000,-371.000000
479.048983,-77.527510,-73.263623
477.000000,-80.000000,-371.000000
504.111623,-90.104828,-198.643812
503.038692,-88.977753,-185.861288
501.868822,-89.097005,-176.614905
490.720558,-83.808165,-331.080974
477.000000,-80.000000,-371.000000
477.000000,-80.000000,-371.000000
477.000000,-80.000000,-371.000000
477.000000,-80.000000,-371.000000
477.000000,-80.000000,-371.000000
494.076414,-85.031532,-314.527153
477.000000,-80.000000,-371.000000
502.941671,-89.008611,-253.490050
500.328643,-87.330432,-158.698149
493.326700,-84.190878,-318.959698
477.000000,-80.000000,-371.000000
477.000000,-80.000000,-371.000000
479.067533,-79.975554,-365.708061
477.000000,-80.000000,-371.000000
