462.000000,-23.000000,-386.000000
462.000276,-23.000020,-386.010879
462.005931,-23.000423,-384.945421
461.929709,-22.994984,-385.098270
462.013779,-23.000983,-384.984706
463.005963,-22.998473,-383.995246
463.052286,-22.922236,-384.005125
462.894349,-23.604955,-383.606143
463.111321,-24.088503,-382.666256
464.856856,-23.905430,-380.184804
466.719494,-25.022810,-376.964433
468.629239,-25.658193,-373.104702
465.390101,-24.537450,-379.181403
468.665129,-25.709279,-372.975317
470.027392,-26.010549,-370.252458
471.624952,-26.183991,-368.247986
486.810426,-32.361649,-337.342223
488.836749,-32.958022,-332.443337
493.673161,-34.427919,-322.092977
485.794757,-31.901186,-339.406710
477.352801,-28.886871,-357.977206
481.586949,-29.730823,-347.595326
480.920613,-29.404720,-348.966287
500.668453,-36.482679,-304.725236
509.794788,-39.950341,-282.621125
508.317913,-39.641398,-286.611034
518.528085,-42.468736,-256.960530
509.877890,-39.969999,-282.372328
509.371608,-39.857104,-283.838755
517.674616,-42.192777,-259.951111
543.003742,-45.996063,-157.521726
532.717837,-45.660990,-207.589994
521.062739,-43.371722,-246.703357
523.229282,-44.072076,-239.303218
541.442729,-46.003908,-166.870071
541.657998,-46.002394,-165.808916
521.511588,-43.521618,-245.009267
554.365202,-43.477983,-39.434857
553.394621,-45.062379,-73.183517
523.700535,-44.218276,-237.911395
552.228021,-44.899032,-82.691751
544.000104,-46.000001,-149.999234
550.862867,-45.078905,-93.550295
554.891369,-42.923882,-12.881824
547.132934,-36.037424,78.306629
550.676643,-37.995995,56.244971
551.754091,-39.822904,34.641630
550.547253,-37.689689,58.480713
554.294942,-42.319216,-4.101722
540.028859,-33.015339,123.861449
541.256927,-33.514950,118.016388
543.795485,-34.307927,103.845817
517.501559,-23.825906,209.378443
552.366831,-40.327044,25.632417
539.428004,-32.656988,126.777541
551.706979,-39.790116,35.353809
497.840159,-16.669574,264.833026
552.893931,-40.887268,17.682813
510.728758,-21.205246,231.111861
480.280145,-11.707086,302.799285
504.326479,-18.798070,246.879039
491.012775,-15.003892,279.973447
494.910791,-15.739643,271.452094
525.328381,-26.587821,184.258990
460.790550,-4.742373,342.143507
526.506248,-27.195885,178.871743
471.248015,-8.791504,322.494417
502.914821,-18.486963,251.200392
446.964358,-0.993822,366.055619
479.125655,-11.083093,305.785823
461.226446,-4.825033,341.368320
509.941301,-20.981197,233.146936
512.433904,-21.557273,226.180034
479.863937,-11.498661,303.868172
447.982446,-1.158956,364.468982
443.194810,-0.229729,372.039655
446.304363,-0.873080,367.087788
444.365219,-0.474798,370.154407
426.110308,4.285896,399.900048
447.565301,-1.093558,365.118906
431.338698,3.240339,390.208821
387.259268,14.937275,452.689912
354.341287,24.102468,495.467164
409.700116,8.745437,423.891781
423.761734,4.774874,402.998869
455.844425,-3.589568,351.123455
410.695504,8.447333,422.134073
369.393613,20.501433,475.512611
394.580956,13.110986,442.603730
363.224385,21.642692,483.860847
382.153663,16.273449,459.125375
362.424850,21.904627,484.578567
389.837795,14.291685,449.559879
387.026855,14.993532,452.967807
365.568535,20.939474,480.895869
372.855631,19.072304,471.240241
386.251415,15.178263,453.904940
371.258261,19.901283,473.718549
368.192118,20.796754,476.645150
374.284814,18.499167,469.171485
360.098766,21.969062,487.803200
354.057745,24.027892,495.811769
357.233676,23.789037,501.680583
389.551968,13.454093,482.079617
365.772124,19.983219,497.657758
353.943692,23.977035,503.013947
360.872641,22.143126,500.155626
351.989520,25.014614,501.027873
384.169195,15.033453,485.526640
367.919490,20.853612,476.922778
361.148870,22.035855,486.041537
370.050388,20.313198,474.914460
376.239843,17.434812,491.365738
353.963304,23.984486,503.008517
360.553618,22.646516,500.679566
364.613680,20.126154,498.189547
370.124054,18.930043,494.927746
358.128818,23.587747,501.481409
369.590564,19.206299,495.255865
364.784286,20.060744,498.103948
455.789760,-5.909425,414.296353
362.002633,21.999555,484.997224
382.746248,14.966382,486.442009
383.387884,14.998483,486.018572
418.933302,4.255426,455.768811
382.768151,14.967028,486.426987
412.438497,6.152077,462.523499
427.784824,1.523809,445.892083
449.253667,-4.581776,421.750501
392.113289,12.637249,479.891788
391.641109,12.793102,480.383418
454.841922,-5.567532,415.596428
463.444766,-8.839196,402.740196
428.339254,1.176954,445.132184
353.998335,23.999233,503.000270
462.630558,-8.646664,403.894778
534.232046,-30.558097,269.353570
441.623767,-1.472061,431.354773
516.618177,-25.140124,311.545959
365.551711,19.966644,497.755399
494.695802,-18.856847,354.687663
482.767119,-15.618100,372.540774
482.640304,-15.586041,372.779803
353.976792,24.006652,503.050052
512.780754,-24.255314,320.486047
411.472850,6.390721,463.259998
518.787727,-25.686386,306.668522
484.321069,-15.908831,369.939899
445.437269,-3.317823,425.723256
532.122230,-29.062135,276.641056
520.339989,-26.086024,303.248836
529.006242,-28.187708,283.907825
568.741254,-42.755799,148.932019
539.789060,-32.201211,256.028452
418.393777,4.383331,456.131021
561.097281,-39.032326,187.660725
478.649781,-13.782617,380.188235
454.241174,-5.402007,416.381740
521.714335,-26.426241,300.187555
581.312401,-45.971525,60.004530
521.774718,-26.441067,300.052105
560.216461,-38.781630,190.352978
578.221753,-45.145791,84.946744
541.510858,-32.805616,250.732070
484.401468,-15.920340,369.822710
447.150876,-4.052135,423.843302
509.245396,-22.890561,326.468888
566.673179,-41.670106,159.287772
582.826595,-46.004364,44.422160
579.922831,-45.972935,75.476910
496.975039,-19.599147,349.906219
566.824181,-41.850816,157.430449
543.905267,-33.682859,242.272074
563.337229,-40.125966,176.701156
580.506848,-46.106068,70.913224
579.659904,-46.031802,-77.532927
570.196172,-44.061761,-143.164275
557.033696,-42.009718,-200.851967
577.890738,-45.033957,99.422599
513.878771,-33.888266,-317.826614
493.954151,-18.450396,356.400311
538.807800,-37.975223,-258.434889
574.897750,-44.971871,-114.444300
473.227639,-12.038992,389.609611
507.823498,-33.672044,-329.290272
514.267453,-33.861436,-316.574196
583.988196,-45.997899,-10.090663
558.773842,-38.446652,194.082206
578.814428,-45.472436,81.374770
565.103230,-43.299500,-168.838560
549.495400,-39.952548,-227.452299
581.483118,-46.486864,-57.899854
572.508192,-45.124023,-128.864695
567.150782,-42.101268,155.078184
466.828291,-31.978545,-395.330506
584.043712,-46.010044,-20.364243
551.161390,-40.607794,-221.405720
580.489231,-45.906716,-68.658403
582.969112,-45.998323,34.949167
574.518138,-44.899496,-116.098848
578.938781,-45.994852,-84.583040
475.507002,-30.920237,-383.447987
571.495959,-44.711232,-137.141023
469.939063,-31.667620,-389.925486
498.766561,-32.722995,-345.878205
582.950881,-45.999491,31.655258
562.375720,-43.050103,-179.205358
463.924934,-31.998636,-398.080050
474.199715,-30.996067,-384.756930
557.171592,-42.037243,-200.253273
536.672141,-38.045504,-263.068883
467.327233,-31.970244,-394.895396
462.000000,-35.000000,-392.000000
552.872329,-41.040345,-215.236999
550.344478,-40.104630,-224.835246
550.238820,-40.064651,-225.211719
483.323046,-31.971355,-371.613017
505.571154,-32.922357,-333.750807
567.716654,-42.392984,152.495633
579.088843,-46.007454,-83.150442
515.642985,-34.278749,-312.044210
538.770077,-37.971543,-258.518620
540.625045,-38.550067,-253.780306
517.961841,-34.995763,-307.061440
462.907191,-32.006062,-399.087704
529.981039,-36.996699,-280.044300
582.989554,-46.529605,-37.535553
529.125601,-36.597395,-282.929459
580.614462,-45.898418,-67.266786
494.509776,-31.943345,-353.711982
459.632380,-34.120045,-398.508573
515.769135,-34.335826,-311.697213
462.000000,-35.000000,-392.000000
480.951792,-32.104974,-376.170465
472.643156,-30.914660,-387.155098
583.917726,-45.981158,-21.979359
462.000000,-35.000000,-392.000000
492.034017,-32.018490,-358.381195
469.054685,-31.982418,-390.918581
460.631667,-34.706505,-394.537184
462.000000,-35.000000,-392.000000
462.000000,-35.000000,-392.000000
540.306477,-38.414368,-254.663045
462.000000,-35.000000,-392.000000
462.000000,-35.000000,-392.000000
462.000000,-35.000000,-392.000000
578.462118,-45.284454,83.356988
462.000000,-35.000000,-392.000000
461.485152,-35.261961,-393.279107
